0.5.3.3368
2259
3101
3464
6619
0.7.0.3694
11447
11611
1.13.0.28211
22430
2.0.0.6080
28596
28672
28675
28677
3.0.1.8622
51304
53846
3.0.1.8874
53042
3.1.0.9767
62213
4.0.1.12911
80724
80731
85621
5.0.3.15890
105206
110955
6.0.1.18179
156566
156574
156575
156583
156586
156606
7.3.0.24473
195095
8.0.1.25902
264211
264213
264220
264243
264245
264247
264255
8.0.1.25976
265787
10.0.7.47910
400270




Missing in AlchemyItemDB.lua

0.5.3.3368
2259
2329
2330
2331
2332
2333
2334
2335
2336
2337
3101
3170
3171
3172
3173
3174
3175
3176
3177
3188
3230
3447
3448
3449
3450
3451
3452
3453
3454
3464
4508
4942
6617
6618
6619
6624
7179
7181
7183
7255
7256
7257
7258
7259
7836
7837
7841
7845
0.5.5.3494
8240
0.7.0.3694
11447
11448
11449
11450
11451
11452
11453
11454
11456
11457
11458
11459
11460
11461
11464
11465
11466
11467
11468
11472
11473
11476
11477
11478
11479
11480
11611
0.8.0.3734
12609
1.0.0.3980
15833
17187
17551
17552
17553
17554
17555
17556
17557
17559
17560
17561
17562
17563
17564
17565
17566
17570
17571
17572
17573
17574
17575
17576
17577
17578
17579
17580
17632
17634
17635
17636
17637
17638
1.13.0.28211
21923
22430
22732
22808
24266
24365
24366
24367
24368
25146
26277
2.0.0.6080
28543
28544
28545
28546
28549
28550
28551
28552
28553
28554
28555
28556
28557
28558
28562
28563
28564
28565
28566
28567
28568
28569
28570
28571
28572
28573
28575
28576
28577
28578
28579
28580
28581
28582
28583
28584
28585
28586
28587
28588
28589
28590
28591
28596
28672
28675
28677
29688
32765
32766
33732
33733
33738
33740
33741
2.4.3.8606
38070
38960
38961
38962
39636
39637
39638
39639
41458
41500
41501
41502
41503
42736
45061
47046
47048
47049
47050
3.0.1.8622
51304
53771
53773
53774
53775
53776
53777
53779
53780
53781
53782
53783
53784
53812
53836
53837
53838
53839
53840
53841
53842
53846
53847
53848
53895
53898
53899
53900
53901
53902
53903
53904
53905
53936
53937
53938
53939
53942
54020
3.0.1.8874
53042
54213
54218
54220
54221
54222
56519
3.1.0.9767
57425
57427
58868
58871
60350
60354
60355
60356
60357
60365
60366
60367
60396
60403
60405
60893
62213
62409
62410
63732
3.3.5.12340
66658
66659
66660
66662
66663
66664
67025
4.0.1.12911
78866
80237
80243
80244
80245
80246
80247
80248
80250
80251
80269
80477
80478
80479
80480
80481
80482
80484
80486
80487
80488
80490
80491
80492
80493
80494
80495
80496
80497
80498
80508
80719
80720
80721
80723
80724
80725
80726
80731
85621
4.3.4.15595
92643
92688
93328
93935
94162
96252
96253
96254
101823
101824
101825
101826
101827
101828
5.0.3.15890
105206
110955
114751
114752
114753
114754
114755
114756
114757
114758
114759
114760
114761
114762
114763
114764
114765
114766
114767
114769
114770
114771
114772
114773
114774
114775
114776
114777
114778
114779
114780
114781
114782
114783
114784
114786
130326
6.0.1.18179
136197
156560
156561
156562
156563
156564
156565
156566
156567
156568
156569
156570
156571
156572
156573
156574
156575
156576
156577
156578
156579
156580
156581
156582
156583
156584
156585
156586
156587
156588
156589
156590
156591
156592
156593
156606
10.0.7.47910
400270
