1.0.0.3980
15972
2.0.0.6080
34982
3.0.1.8622
50465
3.0.1.8874
55730
4.0.1.12911
76178
76179
76286
76441
76666
85531
4.3.4.15595
92375
5.0.3.15890
110955
113263
114112
122568
122569
122570
122571
122572
122573
122574
122575
122584
122585
122586
122587
122588
122589
122590
122591
122600
122601
122602
122603
122604
122605
122606
122607
122608
122609
122610
122611
122612
122613
122614
122615
126864
126866
126867
6.0.1.18179
153605
153606
153607
153608
153609
153610
153611
153612
153627
153628
153629
153630
153631
153643
153644
153645
153646
153647
153648
153649
153650
153651
153652
153653
153654
153655
153656
153657
153658
153659
153660
153661
153663
153664
153665
153666
153667
153668
7.3.0.24473
171652
171653
171718
183278
184341
184342
184343
184345
8.0.1.25902
253129
253148
253153
253154
253155
264440
264448
8.0.1.25976
265803
265938
265939
8.0.1.26175
269461
269462
269463
269467
269468
269469
269473
269474
269475
9.0.1.33978
255149
280657
280659
307648
307649
307650
307658
307683
307684
307685
307686
307688
307689
307690
307691
307692
307694
307695
307696
307697
307699
307700
307701
307702
307703
307704
309827
322592
322596
322597
322598
322599
322600
322601
322602
322603
322604
322605
322606
322607
322608
322609
322610
322611
322612
322613
322615
322616
322618
322619
322620
322621
322622
322623
322624
322625
322626
322627
322628
322629
322630
322631
322632
322633
322634
322635
322636
322637
322638
322639
322640
322641
322643
322644
322645
322646
10.0.0.44649
365677
365729
365730
365731
365734
365735
367585
367586
367587
367588
367589
367591
367593
367594
367595
367596
367597
367598
367599
367600
367601
367602
367603
367604
367605
367606
367607
367608
367609
367610
367611
367612
367613
367614
367615
367616
367617
367618
367619
367622
367623
367712
367713
367714
371302
371304
371309
371338
371343
371344
371349
371360
371364
371366
371367
371369
371372
371374
371394
371395
371396
371403
371412
371650
371674
371682
376617
376618
376619
376620
376621
376622
376623
376624
376698
376700
377280
377281
377981
382579
10.0.0.44795
385304
10.0.0.45232
388279
10.0.0.45661
393404
393416
393853
10.0.2.46091
395879
395880
395881
395883
395886




Missing in BlacksmithingItemDB.lua

10.0.0.44795
385304
10.0.0.45232
388279
10.0.0.45661
393404
393416
393853
10.0.2.46091
395879
395880
395881
395883
395886
