0.5.3.3368
2550
3102
3413
1.0.0.3980
818
18260
1.13.0.28211
30047
2.0.0.6080
33359
3.0.1.8622
51296
4.0.1.12911
88053
5.0.3.15890
104381
6.0.1.18179
89719
158765
160961
160967
160976
160980
160985
160988
7.3.0.24473
195128
8.0.1.25902
264632
264634
264636
264638
264640
264642
264644
264646
8.0.1.25976
265815
8.0.1.26522
265817
9.0.1.33978
308416
308421
308422
308423
308424
309830
10.0.0.44649
366256
378302
381363
381364
381365
381367
381368
381369
381370
381371
381373
381375
381376
381377
381378
381380
381381
381382
381383
381385
381386
381388
381389
381391
381392
381393
381395
381396
381397
381398
381399
381400
381402
381403
381404
381407
381411
381412
381413
381415
381417
381418
381420
