5.0.3.15890
110955
6.0.1.18179
10000
158144
158882
158890
158891
158897
158904
158905
158912
158919
7.3.0.24473
178241
181870
8.2.0.30080
300381
300382
8.2.0.30329
302690
302691
302692
302693
302694
302695
10.0.0.44649
366255
377982
382580
10.0.0.44707
383736
10.0.0.45141
388930
10.0.0.45232
389135
389136
389151
389191
389292
389293
389294
389295
389297
389298
389300
389301
389303
389304
389397
389398
389400
389403
389404
389405
389410
389416
389417
389419
389479
389480
389484
389508
389513
389519
389525
389530
389537
389540
389542
389543
389546
389547
389549
389550
389551
389558
10.0.0.45335
390823
390825
390831
390839
390855
390951
391176
391179
391185
391196
391197
391200
391202
391302
391304
10.0.0.45454
391813
391814
391815
391816
392407
10.0.0.45570
392888
10.0.0.45661
391806
391807
391808
391809
391810
391811
391812
394189




Missing in EnchantingItemDB.lua

0.5.3.3368
7426
7795
0.9.0.3807
13642
2.4.3.8606
42613
9.0.1.33978
309832
9.0.1.35167
338119
10.0.0.44707
383736
10.0.0.45141
388930
10.0.0.45232
389135
389136
389151
389191
389292
389293
389294
389295
389297
389298
389300
389301
389303
389304
389397
389398
389400
389403
389404
389405
389410
389416
389417
389419
389479
389480
389484
389508
389513
389519
389525
389530
389537
389540
389542
389543
389546
389547
389549
389550
389551
389558
10.0.0.45335
390823
390825
390831
390839
390855
390951
391176
391179
391185
391196
391197
391200
391202
391302
391304
10.0.0.45454
391813
391814
391815
391816
392407
10.0.0.45570
392888
10.0.0.45661
391806
391807
391808
391809
391810
391811
391812
394189
