0.5.3.3368
2366
2368
2369
2371
2383
3570
0.5.5.3494
8387
0.8.0.3734
11993
2.0.0.6080
28695
32605
3.0.1.8622
50300
3.0.1.8874
55428
55480
55500
55501
55502
55503
4.0.1.12911
74497
74519
81708
5.0.3.15890
110413
110955
121279
6.0.1.18179
158745
7.3.0.24473
193290
195114
8.0.1.25976
265819
265821
265823
265825
265827
265829
265831
265834
265835
9.0.1.33978
309780
10.0.0.44649
366252
377984
382582
10.0.0.45335
391088
391089
391406
391415
391431
391441
391444
391447
391460
391492
391496
391498
391499
391500
391501
391502
391503
391504
391505
391506
391507
391508
391509
391510
391511
391512
391513
391514
391515
391516
391557
391558
391560
391562
391564
10.0.2.45969
395275




Missing in HerbalismItemDB.lua

0.5.3.3368
2366
2368
2369
2371
2383
3570
0.5.5.3494
8387
0.8.0.3734
11993
2.0.0.6080
28695
32605
3.0.1.8622
50300
3.0.1.8874
55428
55480
55500
55501
55502
55503
4.0.1.12911
74497
74519
81708
5.0.3.15890
110413
110955
121279
6.0.1.18179
158745
7.3.0.24473
193290
193292
193293
193294
193295
193296
193297
193298
193299
193300
193301
193302
193303
193304
193305
193306
193307
193308
193309
195114
247812
247813
247814
8.0.1.25976
252405
252406
252407
252408
252409
252410
252411
252412
252413
252415
252416
252417
252418
252419
252420
252421
252422
252423
252424
252425
252426
265819
265821
265823
265825
265827
265829
265831
265834
265835
8.2.0.30080
298142
298143
298144
9.0.1.33978
309780
10.0.0.45335
391088
391089
391406
391415
391431
391441
391444
391447
391460
391492
391496
391498
391499
391500
391501
391502
391503
391504
391505
391506
391507
391508
391509
391510
391511
391512
391513
391514
391515
391516
391557
391558
391560
391562
391564
10.0.2.45969
395275
