3.0.1.8303
45357
45358
45359
45360
45361
45363
45381
45383
48118
3.0.1.8622
52175
52183
3.1.0.9767
56943
56944
56946
56947
56949
56950
56952
56954
56957
56958
56960
56972
56975
56977
56980
56983
56984
56987
56988
56989
56990
56991
56996
56998
56999
57003
57006
57008
57010
57011
57012
57013
57014
57019
57021
57026
57028
57033
57034
57035
57036
57112
57113
57115
57116
57117
57122
57124
57126
57127
57128
57130
57152
57153
57155
57159
57160
57164
57166
57168
57169
57170
57172
57181
57187
57189
57190
57191
57192
57193
57195
57198
57199
57202
57207
57208
57211
57212
57214
57215
57217
57218
57220
57221
57222
57223
57225
57226
57227
57228
57230
57231
57232
57233
57234
57235
57236
57237
57243
57247
57248
57250
57252
57253
57257
57258
57260
57261
57264
57267
57268
57273
57275
57276
57719
58321
58322
59338
59339
59340
59500
59501
59559
59560
59561
61177
61677
62162
64246
64247
64248
64249
64251
64252
64253
64254
64255
64256
64257
64268
64270
64271
64273
64274
64275
64276
64277
64278
64279
64280
64281
64282
64283
64284
64285
64286
64287
64288
64289
64291
64294
64295
64296
64297
64298
64299
64300
64301
64302
64303
64304
64305
64307
64308
64309
64310
64311
64312
64313
64314
64315
64316
64317
64318
65245
3.3.5.12340
71015
71102
4.0.1.12911
89815
4.3.4.15595
86647
86650
89367
92027
92579
94000
94401
94402
94403
94404
94405
94406
94711
95215
95710
95825
96284
98398
99547
99548
99549
101057
5.0.3.15890
57037
58309
110417
110955
112264
112265
112266
112437
112440
112442
112444
112450
112451
112452
112454
112457
112458
112460
112461
112463
112465
112468
112883
119481
122015
122030
124442
124443
124444
124445
124446
124447
124448
124449
124450
124451
124452
124453
124454
124455
124456
124457
124459
124460
124461
124463
126153
126687
126701
126704
126801
127625
6.0.1.18179
132167
135535
135561
148255
148257
148259
148260
148261
148268
148269
148272
148273
148279
148280
148283
148284
148285
148286
148287
148288
148289
148290
148291
148487
148488
148489
148490
158748
7.3.0.24473
186239
240254
8.0.1.25902
256238
256241
256250
256251
256252
264494
264496
264498
264500
264502
264504
8.0.1.26231
269744
269745
269746
8.2.0.30080
299666
299667
299669
299670
8.2.0.30168
301999
302001
8.2.0.30329
302697
302698
302700
302701
302703
302704
9.0.1.33978
311407
311687
311690
9.0.1.35679
343687
343688
10.0.0.44649
382982
382984
382986
382987
382988
382989
382990
382991
382994
