0.5.3.3368
2108
3104
3811
0.7.0.3694
10656
10658
10660
10662
2.0.0.6080
32549
2.4.3.8606
40000
2.5.1.38043
351766
351768
351769
351770
351771
3.0.1.8303
45541
48038
3.0.1.8622
50935
51302
53681
53686
53687
53688
53689
53690
3.0.1.8874
55243
3.1.0.9767
57683
57690
57691
57692
57694
57696
57699
57701
60583
60584
4.0.1.12911
74493
78400
78401
78402
78404
78408
78409
78413
78414
78417
78418
78421
78422
78425
78426
78429
78430
78434
78435
81199
85007
85008
85009
85010
85067
85068
4.3.4.15595
101600
5.0.3.15890
102366
110423
110955
124549
124551
124552
124553
124554
124564
124565
124566
124567
124568
124569
6.0.1.18179
158752
7.3.0.24473
195119
8.0.1.25902
264577
264579
264581
264583
264585
264588
264592
8.0.1.25976
265813
8.0.1.26175
269546
269547
269548
269549
269550
269551
9.0.1.33978
308895
308896
309038
309194
309195
309196
309197
309214
309215
309216
309217
309222
309223
309224
309225
309246
309247
309248
309249
309250
309251
309252
309253
309254
309255
309256
309257
309258
309259
309260
309261
309262
309263
309264
309265
309266
309267
309268
309269
309270
309271
309272
309273
309274
309275
309276
309277
309278
309279
309280
309281
309282
309283
309284
309285
309286
309287
309288
309289
309290
309291
309292
309293
9.0.1.35167
338261
10.0.0.44649
366249
375102
375103
375104
375105
375106
375107
375108
375109
375110
375111
375112
375113
375114
375115
375116
375117
375118
375119
375120
375121
375122
375123
375124
375125
375126
375127
375128
375129
375130
375131
375132
375133
375134
375135
375136
375137
375138
375139
375140
375141
375144
375145
375146
375147
375148
375149
375152
375153
375154
375155
375156
375157
375159
375160
375161
375162
375164
375165
375166
375168
375170
375171
375172
375173
375174
375175
375177
375178
375179
375181
375182
375183
375184
375185
375186
375187
375188
375189
375190
375191
375192
375193
375194
375195
375196
375197
375198
375199
377989
382585
10.0.0.44707
381547
10.0.0.44795
381848
381849
10.0.0.45232
389195
10.0.2.46091
395839
395844
395845
395847
395851
395863
395864
395865
395867
395868




Missing in LeatherworkingItemDB.lua

0.5.3.3368
2108
2149
2152
2153
2158
2159
2160
2161
2162
2163
2164
2165
2166
2167
2168
2169
2881
3104
3753
3756
3759
3760
3761
3762
3763
3764
3765
3766
3767
3768
3769
3770
3771
3772
3773
3774
3775
3776
3777
3778
3779
3780
3811
3816
3817
3818
4096
4097
5244
6661
6702
6703
6704
6705
7126
7133
7135
7147
7149
7151
7153
7156
0.5.5.3494
7953
7954
7955
8322
0.6.0.3592
9058
9059
9060
9062
9064
9065
9068
9070
9072
9074
9145
9146
9147
9148
9149
9193
9194
9195
9196
9197
9198
9201
9202
9206
9207
9208
0.7.0.3694
10482
10487
10490
10499
10507
10509
10511
10516
10518
10520
10525
10529
10531
10533
10542
10544
10546
10548
10550
10552
10554
10556
10558
10560
10562
10564
10566
10568
10570
10572
10574
10619
10621
10630
10632
10647
10650
10656
10658
10660
10662
0.9.0.3807
14930
14932
1.1.2.4125
19047
19048
19049
19050
19051
19052
19053
19054
19055
19058
19059
19060
19061
19062
19063
19064
19065
19066
19067
19068
19070
19071
19072
19073
19074
19075
19076
19077
19078
19079
19080
19081
19082
19083
19084
19085
19086
19087
19088
19089
19090
19091
19092
19093
19094
19095
19097
19098
19100
19101
19102
19103
19104
19106
19107
20648
20649
20650
20853
20854
20855
1.13.0.28211
21943
22331
22711
22727
22815
22921
22922
22923
22926
22927
22928
23190
23399
23703
23704
23705
23706
23707
23708
23709
23710
24121
24122
24123
24124
24125
24654
24655
24703
24846
24847
24848
24849
24850
24851
24940
26279
28219
28220
28221
28222
28223
28224
28472
28473
28474
2.0.0.6080
32454
32455
32456
32457
32458
32461
32462
32463
32464
32465
32466
32467
32468
32469
32470
32471
32472
32473
32478
32479
32480
32481
32482
32485
32487
32488
32489
32490
32493
32494
32495
32496
32497
32498
32499
32500
32501
32502
32503
32549
2.4.3.8606
35520
35521
35522
35523
35524
35525
35526
35527
35528
35529
35530
35531
35532
35533
35534
35535
35536
35537
35538
35539
35540
35543
35544
35549
35554
35555
35557
35558
35559
35560
35561
35562
35563
35564
35567
35568
35572
35573
35574
35575
35576
35577
35580
35582
35584
35585
35587
35588
35589
35590
35591
36074
36075
36076
36077
36078
36079
36349
36351
36352
36353
36355
36357
36358
36359
39997
40000
40001
40002
40003
40004
40005
40006
41156
41157
41158
41160
41161
41162
41163
41164
42546
42731
44343
44344
44359
44768
44770
44953
44970
45100
45117
46132
46133
46134
46135
46136
46137
46138
46139
2.5.1.38043
351766
351768
351769
351770
351771
3.0.1.8303
45541
48038
3.0.1.8622
50935
50936
50943
50944
50945
50946
50947
50948
50949
50955
50961
50962
50963
51302
51571
52733
53681
53686
53687
53688
53689
53690
3.0.1.8874
55199
55243
3.1.0.9767
50938
50939
50940
50941
50942
50950
50951
50952
50953
50954
50956
50957
50958
50959
50960
50964
50965
50966
50967
50970
50971
51568
51569
51570
51572
57683
57690
57691
57692
57694
57696
57699
57701
60583
60584
60599
60600
60601
60604
60605
60607
60608
60611
60613
60620
60622
60624
60627
60629
60630
60631
60637
60640
60643
60645
60647
60649
60651
60652
60655
60658
60660
60665
60666
60669
60671
60697
60702
60703
60704
60705
60706
60711
60712
60715
60716
60718
60720
60721
60723
60725
60727
60728
60729
60730
60731
60732
60734
60735
60737
60743
60746
60747
60748
60749
60750
60751
60752
60754
60755
60756
60757
60758
60759
60760
60761
60996
60997
60998
60999
61000
61002
62176
62177
62448
63194
63195
63196
63197
63198
63199
63200
63201
64661
3.3.5.12340
67080
67081
67082
67083
67084
67085
67086
67087
67136
67137
67138
67139
67140
67141
67142
67143
69386
69388
70554
70555
70556
70557
70558
70559
70560
70561
4.0.1.12911
74493
78379
78380
78388
78396
78398
78399
78400
78401
78402
78404
78405
78406
78407
78408
78409
78410
78411
78413
78414
78415
78416
78417
78418
78419
78420
78421
78422
78423
78424
78425
78426
78427
78428
78429
78430
78432
78433
78434
78435
78436
78437
78438
78439
78444
78445
78446
78447
78448
78449
78450
78451
78452
78453
78454
78455
78456
78457
78458
78459
78460
78461
78462
78463
78464
78467
78468
78469
78470
78471
78473
78474
78475
78476
78477
78478
78479
78480
78481
78482
78483
78484
78485
78486
78487
78488
78489
78490
81199
84950
85007
85008
85009
85010
85067
85068
4.3.4.15595
99443
99445
99446
99447
99455
99456
99457
99458
99535
99536
100583
100586
101599
101600
101933
101934
101935
101936
101937
101939
101940
101941
5.0.3.15890
102366
110423
110955
124124
124125
124126
124127
124128
124129
124549
124551
124552
124553
124554
124559
124561
124563
124564
124565
124566
124567
124568
124569
124571
124572
124573
124574
124575
124576
124577
124578
124579
124580
124581
124582
124583
124584
124585
124586
124587
124588
124589
124590
124591
124592
124593
124594
124595
124596
124597
124598
124599
124600
124601
124602
124603
124604
124605
124606
124607
124608
124609
124610
124611
124612
124613
124614
124615
124616
124617
124618
124619
124620
124621
124622
124623
124624
124625
124626
124627
124628
124635
124636
124637
124638
124639
124640
124641
124642
124643
124644
124645
6.0.1.18179
131865
137809
137810
137811
137812
137813
137814
137815
137816
137817
137818
137819
137820
137821
137822
137823
137824
137825
137826
137827
137828
137829
137830
137831
137832
137833
137834
137835
137836
137837
137838
137839
137840
137841
137842
137843
137844
137845
137846
137847
137848
137849
137850
137851
137852
137853
137854
137855
137856
137857
137858
137859
137860
137861
137862
137863
137864
137865
137866
137867
137868
137869
137870
137871
137872
137873
137874
137875
137876
137877
137878
137879
137880
137881
137882
138589
138590
138591
138592
138593
138594
138595
138596
140040
140041
140185
142952
142953
142956
142957
142961
142962
142965
142966
142976
143089
143090
143091
143092
143093
143094
143095
143096
143097
143098
143099
143100
143101
143102
143103
143104
143105
143106
143107
143108
143109
143110
143111
143112
143113
143114
143115
143116
143117
143118
143119
143120
143121
143122
143123
143124
143125
143126
143127
143128
143129
143130
143131
143132
143133
143134
143135
143136
143137
143138
143139
143140
143141
143142
143143
143144
143145
143146
143147
143148
143149
143150
143151
143152
143153
143154
143155
143156
143157
143158
143159
143160
143161
143162
146613
146923
158752
7.3.0.24473
163216
163218
163220
163222
163223
163224
163225
163226
163228
163229
163230
163231
163232
171260
171261
171262
171263
171264
171265
171266
171267
171268
171269
171270
171271
171272
171273
171274
171275
171276
171277
171278
171279
171280
171281
171282
171283
171284
171285
171286
171288
171289
171290
171291
171391
171713
173416
176089
176392
176397
176399
176401
176402
176404
176405
176408
176409
176411
176412
176413
176414
176415
176416
176417
176418
176420
176421
176422
176424
176425
176426
178208
182121
187489
187513
194695
194696
194697
194698
194699
194700
194701
194702
194703
194704
194705
194706
194707
194708
194709
194710
194711
194712
194713
194714
194715
194716
194717
194718
194719
194720
194721
194722
194723
194724
194725
194726
194727
194728
194729
194730
194731
194732
194733
194734
194735
194736
194737
194738
194739
194740
194741
194742
194743
194744
194745
194746
194747
194748
194749
194750
194751
194752
194753
194754
194755
194756
194757
194758
194759
194760
194761
194762
194763
194764
194765
194766
194767
194768
194769
194770
194771
194772
194773
194774
194775
194776
194778
194779
194780
194784
194785
194786
194787
194788
194789
194790
194791
194792
194793
194794
194795
194796
194797
194798
194799
195119
196375
196379
196382
196383
196384
196385
196387
196388
196395
196397
196425
196427
196428
196442
196456
196457
196467
196468
196469
196648
208596
208615
226105
226106
226107
226108
226109
226110
226111
226112
226113
226114
226115
226116
226117
226118
226119
226120
226121
226122
226123
226124
226125
226126
226127
226128
226129
226130
226131
226132
226133
226134
226135
226136
226137
230936
230954
230955
239413
239414
247800
247801
247802
247803
247804
247805
8.0.1.25902
256748
256749
256750
256751
256752
256754
256755
256756
256757
256758
256759
256760
256761
256762
256763
256764
256765
256766
256767
256768
256769
256770
256771
256772
256773
256774
256775
256776
256777
256778
256779
256780
256781
256782
256783
256784
256786
256787
256788
256789
256790
256791
256792
256793
264577
264579
264581
264583
264585
264588
264590
264592
8.0.1.25976
265813
8.0.1.26175
269516
269517
269518
269519
269520
269521
269522
269523
269524
269525
269526
269527
269528
269529
269530
269531
269532
269533
269534
269535
269536
269537
269538
269539
269540
269541
269542
269543
269544
269545
269546
269547
269548
269549
269550
269551
269552
269553
269554
8.0.1.26310
272278
8.0.1.26624
276256
278423
8.1.0.27826
282277
282278
282281
282287
282288
282289
282290
282291
282292
282302
282303
282305
282306
282307
282308
282309
282310
282311
282312
282313
282314
282318
282319
282320
282321
282322
282323
282324
282325
282326
282327
282328
282329
285895
8.1.0.27985
285079
285080
285083
285084
285087
285088
285091
285092
285095
285096
285099
285100
286652
8.1.0.28048
286019
286021
287273
8.1.5.29141
293076
293135
8.2.0.30080
294796
294797
294798
294799
294800
294801
294802
294803
294804
294805
294806
294807
294808
294809
294810
294811
294812
294813
294814
294815
294816
294817
294818
294819
294820
294821
294822
294823
294824
294825
294826
294827
294828
299019
299020
299021
299022
299023
299024
299025
299026
299027
299028
299029
299030
8.2.0.30168
301405
301411
8.3.0.32044
304412
304413
304414
304415
304416
304417
304418
304419
304420
304421
304422
304423
304424
304425
304426
304427
304428
304429
304430
304431
304432
304433
304434
304435
304436
304437
304438
304439
304440
304441
304442
304443
304444
305795
305796
305798
305799
305800
305801
305802
305803
305804
305805
305806
305807
307176
9.0.1.33978
308895
308896
308897
308899
309038
309173
309174
309175
309176
309177
309178
309179
309180
309181
309182
309183
309184
309185
309186
309187
309188
309189
309190
309191
309192
309193
309194
309195
309196
309197
309198
309199
309200
309201
309202
309203
309204
309205
309206
309207
309208
309209
309210
309211
309212
309213
309214
309215
309216
309217
309222
309223
309224
309225
309230
309231
309232
309233
309234
309235
309236
309237
309238
309239
309240
309241
309242
309243
309244
309245
309246
309247
309248
309249
309250
309251
309252
309253
309254
309255
309256
309257
309258
309259
309260
309261
309262
309263
309264
309265
309266
309267
309268
309269
309270
309271
309272
309273
309274
309275
309276
309277
309278
309279
309280
309281
309282
309283
309284
309285
309286
309287
309288
309289
309290
309291
309292
309293
324087
324088
324735
9.0.1.34199
330180
330181
330183
330184
330185
330186
330187
330188
330189
330190
330191
330192
330193
330194
330195
330196
330197
330198
330199
330200
330201
330202
330203
330204
330205
330206
330207
330208
330209
330210
330211
330212
330213
330214
330215
330216
330218
330219
330220
330221
9.0.1.34490
332014
332015
332016
332017
332018
332019
332020
332021
332022
332023
332024
332025
332026
332027
332028
332029
332049
332050
332051
332052
332053
332054
332055
332056
332057
332058
332059
332060
332061
332062
332063
332064
9.0.1.35167
338253
338254
338255
338257
338258
338259
338260
338261
338262
338263
338264
338265
9.0.1.35256
338979
338980
338981
338982
338983
338984
338985
338986
338987
338988
338989
338990
338991
338992
338993
338994
9.0.1.35598
343189
343192
343193
343195
9.0.1.35679
343660
9.1.0.38312
352444
9.1.0.38394
354797
354800
9.1.0.38511
355354
9.2.0.41089
359662
359669
359702
10.0.0.44649
366249
375102
375103
375104
375105
375106
375107
375108
375109
375110
375111
375112
375113
375114
375115
375116
375117
375118
375119
375120
375121
375122
375123
375124
375125
375126
375127
375128
375129
375130
375131
375132
375133
375134
375135
375136
375137
375138
375139
375140
375141
375142
375143
375144
375145
375146
375147
375148
375149
375150
375151
375152
375153
375154
375155
375156
375157
375159
375160
375161
375162
375164
375165
375166
375168
375170
375171
375172
375173
375174
375175
375176
375177
375178
375179
375180
375181
375182
375183
375184
375185
375186
375187
375188
375189
375190
375191
375192
375193
375194
375195
375196
375197
375198
375199
377989
382585
10.0.0.44707
381547
10.0.0.44795
381848
381849
10.0.0.45232
389195
10.0.2.46091
395839
395844
395845
395847
395851
395863
395864
395865
395867
395868
