0.5.3.3368
2575
2576
2577
2578
2579
2580
2656
3564
0.5.5.3494
8296
8388
0.7.0.3694
10248
0.8.0.3734
12680
12681
12682
12687
12689
12690
12691
2.0.0.6080
29354
32606
3.0.1.8303
49253
49254
49255
49260
3.0.1.8622
50310
53040
53120
53121
53122
53123
53124
53417
4.0.1.12911
74496
74517
5.0.3.15890
102161
102163
110955
6.0.1.18179
158754
7.3.0.24473
195122
8.0.1.25976
265837
265839
265841
265843
265845
265847
265849
265851
265853
9.0.1.33978
308130
308131
308150
308151
308152
308153
309835
10.0.0.44649
366260
377987
382586
10.0.0.44707
383649
383792
383793
383795
383796
383797
384688
384690
384692
384693
