6.0.1.18179
6
7
8
15
16
18
19
20
21
28
29
30
31
33
70
7.3.0.24473
122
123
124
125
126
127
128
129
130
131
132
133
134
135
136
137
138
139
140
141
142
143
144
145
146
147
148
149
150
151
181
217
220
454
467
475
497
581
585
587
592
597
598
600
601
622
623
624
625
626
627
628
629
630
631
632
633
634
635
636
647
648
649
650
651
652
653
654
655
656
657
658
659
660
661
662
663
664
665
666
667
668
669
670
671
672
673
674
675
676
677
678
679
680
681
682
683
684
685
686
687
688
689
690
691
692
693
694
695
696
697
698
699
700
701
702
703
704
727
728
729
730
731
732
734
735
736
737
738
739
740
741
749
750
751
752
753
754
760
763
764
765
766
767
768
769
770
771
772
773
774
775
776
777
781
782
783
784
785
786
787
788
789
790
791
792
793
794
795
796
797
798
799
800
801
802
803
804
805
806
808
809
810
811
812
813
814
815
816
817
818
819
820
821
822
823
824
825
826
827
828
829
830
831
832
833
834
835
836
837
840
841
842
843
844
845
846
847
848
849
850
851
852
858
859
860
861
862
863
864
865
866
867
868
869
876
877
878
879
880
881
882
883
884
885
886
887
888
889
894
895
896
897
898
899
900
901
902
903
904
905
906
907
908
909
910
911
912
913
914
915
916
917
918
919
920
921
922
923
924
925
926
927
928
929
930
931
932
938
939
941
942
943
944
946
983
984
985
987
991
993
1004
1005
1006
1007
1008
1009
1010
1011
1012
1013
1014
1015
1016
1020
1021
1022
1023
1024
1025
1026
1027
1028
1029
1030
1031
1032
1033
1034
1035
1036
1037
1038
1039
1040
1041
1042
1043
1044
1045
1046
1047
1048
1049
1050
1051
1052
1053
1054
1055
1056
1057
1058
1059
1060
8.0.1.25902
1063
1064
8.0.1.25976
1066
1067
1070
1071
8.0.1.26231
1073
8.0.1.26367
1074
8.0.1.26433
1075
8.0.1.26624
1177
1178
1179
8.2.0.30080
1183
8.3.0.32489
1184
1185
1186
1187
1188
1189
1190
1191
1192
1193
1194
1195
1196
1197
1198
1199
1200
1201
1202
9.0.1.33978
1203
1204
1205
1206
1207
1208
1211
1212
1224
1225
1226
1227
1228
1229
1230
1231
1232
1233
1234
1235
1236
1237
1238
1239
1240
1241
1242
1243
1244
1245
1246
1247
1248
1249
9.0.1.35078
1289
1290
1291
1292
1293
1294
1295
1296
9.0.1.35360
1312
1313
1314
1315
9.0.1.35522
1316
1317
1318
1319
1320
1321
1322
1323
1324
9.1.0.38627
1340
1344
