1.14.0.39802
9275
1.14.1.40666
15329
1.14.1.40688
15330
15332
1.14.1.40800
15333
15334
15335
1.14.2.42597
15578
1.14.3.42770
15637
2.5.1.39399
15018
15019
15020
15021
15022
15198
2.5.2.39570
15199
15200
15201
15202
15203
15204
15205
15206
15207
15208
15209
15210
3.0.1.8303
1
2
3
4
5
14
17
18
19
20
21
22
23
24
25
26
27
28
29
30
3.0.1.8622
54
55
56
57
58
59
60
86
87
88
89
90
91
92
93
94
95
96
97
98
99
100
101
102
103
104
105
107
108
109
110
111
112
113
114
115
136
138
139
140
142
145
146
147
148
149
151
152
163
164
176
177
178
179
180
181
182
183
184
185
186
187
188
189
190
191
192
193
194
195
196
197
198
215
217
232
234
235
250
257
258
261
262
268
269
270
276
278
281
285
294
296
297
304
314
315
316
317
318
319
320
321
322
323
324
326
328
329
330
331
332
333
334
335
336
337
338
339
340
341
342
343
344
345
346
347
349
350
351
352
353
354
355
356
357
358
359
360
361
362
363
364
365
366
367
368
369
370
371
372
373
374
375
377
378
379
380
381
382
383
384
385
386
387
390
391
392
393
394
395
413
417
455
501
527
528
529
548
570
585
586
588
589
590
593
594
595
596
620
751
752
753
754
755
759
760
788
789
790
791
792
793
794
795
796
798
799
800
801
803
804
805
806
807
810
811
812
813
815
817
820
821
823
829
830
831
832
833
834
835
836
837
838
839
840
904
916
917
918
919
920
921
922
923
924
925
926
927
928
929
930
931
932
933
934
935
936
954
970
1016
1018
1019
1042
1043
1044
1045
1046
1047
1049
1050
1051
1052
1053
1054
1055
1056
1057
1058
1065
1066
1067
1068
1069
1070
1071
1072
1073
1074
1075
1076
1077
1078
1079
1080
1081
1082
1083
1084
1085
1086
1087
1088
1089
1090
1091
1092
1093
1094
1095
1096
1097
1098
1099
1100
1101
1102
1103
1104
1105
1106
1107
1108
1109
1110
1111
1112
1113
1114
1115
1125
1146
1147
1148
1149
1150
1154
1155
1156
1158
1163
1170
1173
3.0.1.8874
1187
1197
1198
1199
1200
1201
1202
1227
1228
1229
1230
1231
1232
1233
1234
1235
1236
1237
1238
1239
1240
1241
1242
1253
1256
1274
1290
1298
1299
1300
1301
1302
1303
1304
1305
1306
1316
1336
1337
1338
1339
1360
1361
1362
1363
1364
1365
1366
1367
1368
1369
1370
1371
1372
1373
1374
1375
1376
1377
1378
1379
1380
1381
1382
1383
1384
1385
1386
1387
1388
1389
1390
1391
1392
1393
1394
3.1.0.9767
1456
1458
1462
1464
1465
1466
1467
1485
1486
1487
1488
1489
1490
1491
1492
1493
1494
1495
1496
1497
1498
1499
1500
1501
1504
1505
1506
1507
1508
1509
1510
1511
1512
1513
1514
1515
1518
1519
1520
1524
1525
1526
1527
1532
1535
1536
1537
1538
1539
1540
1541
1542
1544
1545
1546
1547
1548
1549
1550
1551
1657
1677
1680
1681
1682
1684
1692
1707
1716
1719
1729
1730
1731
1734
1735
1738
1739
1740
1741
1745
1748
1753
1754
1756
1759
1760
1768
1770
1771
1772
1773
1774
1775
1776
1784
1818
1819
1820
1821
1822
1823
1824
1825
1826
1827
1828
1829
1830
1831
1861
1976
1977
2145
2195
2216
2217
2218
2219
2277
2396
2397
2596
2776
2797
2856
2857
2858
2859
2860
2861
2862
2863
2864
2865
2866
2867
2868
2869
2870
2872
2873
2874
2875
2879
2880
2881
2882
2883
2884
2885
2896
2897
2898
2899
2900
2901
2902
3018
3216
3236
3256
3257
3258
3376
3377
3378
3379
3380
3381
3382
3383
3384
3385
3386
3387
3388
3389
3390
3391
3392
3393
3394
3395
3396
3397
3398
3399
3400
3401
3402
3403
3404
3405
3406
3407
3408
3409
3410
3411
3.3.5.12340
3516
3656
3814
3838
3839
3840
3841
3842
3843
3876
4018
4019
4022
4023
4024
4025
4026
4027
4028
4029
4030
4031
4032
4033
4034
4035
4036
4037
4038
4039
4040
4041
4042
4043
4044
4045
4046
4047
4048
4049
4050
4051
4052
4053
4054
4055
4074
4075
4096
4097
4176
4456
4556
4639
4640
4641
4642
4643
4644
4645
4646
4647
4648
4649
4650
4651
4652
4653
4654
4655
4656
4657
4658
4659
4660
4661
4662
4663
4664
4665
4666
4667
4668
4669
4670
4671
4672
4673
4674
4675
4676
4677
4678
4679
4680
4681
4682
4683
4684
4685
4686
4687
4688
4713
4714
4715
4716
4717
4718
4719
4720
4721
4722
4723
4724
4725
4726
4727
4728
4729
4730
4777
4778
4779
4780
4781
4784
4785
4820
4821
4822
4823
4.0.1.12911
4783
4860
4861
4867
4876
4877
4878
4879
4880
4912
4913
4943
4944
4945
4946
4947
4948
4949
4950
4952
4953
4954
4955
4983
4985
4986
4987
4997
5009
5010
5011
5012
5013
5014
5015
5016
5017
5018
5019
5020
5021
5022
5023
5025
5026
5027
5028
5029
5030
5032
5033
5037
5038
5039
5040
5041
5042
5043
5044
5045
5046
5047
5048
5049
5050
5051
5052
5053
5054
5055
5056
5057
5058
5059
5067
5068
5069
5070
5071
5072
5073
5074
5075
5076
5077
5078
5079
5080
5081
5082
5084
5085
5086
5087
5088
5089
5090
5091
5092
5095
5096
5097
5098
5099
5100
5101
5102
5103
5104
5105
5106
5110
5111
5112
5113
5114
5124
5125
5126
5127
5128
5129
5130
5131
5132
5133
5134
5135
5136
5137
5138
5139
5140
5141
5142
5143
5145
5151
5152
5153
5154
5155
5156
5157
5158
4.3.4.15595
5159
5160
5161
5162
5163
5164
5165
5166
5167
5168
5169
5170
5171
5172
5173
5174
5175
5176
5177
5178
5184
5185
5186
5187
5188
5194
5195
5196
5198
5203
5232
5233
5234
5235
5236
5237
5239
5240
5241
5244
5259
5263
5264
5265
5273
5274
5275
5362
5364
5365
5407
5408
5409
5410
5411
5412
5420
5421
5422
5425
5429
5430
5431
5432
5433
5434
5435
5436
5437
5438
5439
5440
5441
5457
5459
5460
5461
5462
5463
5464
5466
5468
5492
5553
5554
5555
5556
5557
5558
5559
5560
5561
5562
5563
5564
5565
5566
5567
5568
5569
5570
5571
5572
5573
5574
5575
5576
5577
5578
5692
5693
5694
5695
5724
5725
5726
5727
5728
5729
5730
5731
5732
5733
5734
5735
5736
5737
5738
5739
5756
5770
5771
5773
5774
5780
5781
5782
5783
5784
5785
5795
5796
5797
5798
5846
5852
5964
5965
5966
5967
5968
5969
5970
5971
5972
5973
5974
5975
5976
5977
5981
5983
5984
5985
6120
6121
6122
6123
6125
6126
6135
6136
6137
6138
6139
6140
6141
6142
6143
6144
6145
6146
6147
6148
6150
6151
6152
6153
6154
6155
6156
6157
6158
6159
6160
6161
6162
6163
6164
6165
6166
6167
6168
6170
6182
5.0.3.15882
6337
6461
6532
6533
6542
6549
6617
6624
6625
6627
6628
6629
6632
6633
6641
6642
6643
6666
6668
6669
6670
6675
6676
6677
6678
6679
6680
6700
6701
6702
6703
6708
6709
6710
6711
6737
6738
6764
6766
6767
6768
6769
6770
6771
6772
6775
6776
6777
6778
6779
6780
6781
6782
6783
6784
6785
6786
6787
6788
6789
6790
6791
6792
6793
6794
6795
6796
6797
6798
6799
6800
6801
6802
6803
6804
6805
6806
6807
6808
6809
6810
6811
6812
6813
6814
6815
6816
6817
6818
6819
6820
6921
6983
6984
6985
6986
6987
6988
6989
6990
6991
6992
6993
6994
6995
6996
6997
6998
6999
7000
7223
7224
7240
7241
7242
7243
7244
7245
7246
7247
7250
7251
7253
7254
7255
7256
7263
7264
7268
7269
7270
7277
7278
7399
7400
7401
7402
7403
7434
7444
7445
7446
7447
6.0.1.18179
5696
5697
5698
5699
5700
5701
5702
5703
5704
5705
5706
5707
7823
7824
7825
7826
7827
7828
7829
7830
7831
7832
7843
7844
7914
7915
7917
7918
7919
7920
7921
7922
7923
7924
7926
7927
7951
7953
7954
7955
7956
7957
7958
7960
7961
7962
7963
7964
7965
7966
7967
7968
7969
7970
7971
7972
8137
8138
8139
8140
8141
8142
8143
8144
8145
8146
8147
8148
8149
8150
8151
8152
8153
8154
8155
8156
8157
8158
8159
8160
8161
8162
8163
8164
8165
8166
8167
8168
8169
8170
8171
8172
8173
8174
8175
8176
8177
8178
8179
8180
8181
8182
8183
8184
8185
8186
8187
8188
8189
8190
8191
8192
8193
8194
8195
8196
8197
8198
8199
8200
8201
8202
8203
8256
8257
8258
8278
8286
8291
8367
8369
8370
8371
8372
8373
8374
8375
8376
8394
8408
8510
8511
8512
8513
8514
8515
8516
8544
8545
8546
8547
8548
8549
8550
8551
8552
8553
8554
8555
8556
8557
8558
8559
8560
8561
8562
8563
8564
8565
8566
8567
8568
8569
8570
8571
8573
8574
8575
8576
8577
8578
8579
8580
8581
8582
8583
8584
8585
8586
8587
8588
8589
8590
8591
8593
8594
8595
8596
8597
8598
8599
8600
8601
8602
8603
8604
8605
8606
8608
8609
8610
8612
8614
8615
8616
8617
8618
8619
8620
8621
8622
8623
8624
8625
8626
8627
8628
8629
8630
8631
8632
8634
8635
8636
8637
8638
8681
8708
8789
8790
8852
8853
7.3.0.24473
9250
9251
9258
9259
9260
9261
9262
9263
9266
9267
9268
9269
9271
9272
9273
9274
9276
9277
9278
9279
9280
9282
9284
9285
9286
9287
9288
9289
9290
9292
9293
9294
9295
9297
9298
9300
9301
9302
9303
9304
9306
9308
9310
9311
9312
9313
9314
9315
9316
9317
9318
9319
9320
9321
9322
9323
9324
9327
9328
9329
9330
9331
9332
9333
9334
9336
9337
9338
9339
9340
9341
9342
9343
9349
9351
9353
9354
9355
9356
9357
9358
9359
9360
9361
9362
9363
9364
9365
9368
9369
9370
9371
9372
9373
9374
9375
9376
9388
9397
9399
9416
9417
9418
9420
9421
9424
9430
9553
9557
9558
9559
9561
9594
9595
9596
9648
9649
9650
10050
10051
10055
10056
10060
10077
10175
10176
10181
10184
10192
10193
10194
10195
10196
10197
10198
10199
10200
10201
10202
10203
10204
10205
10206
10207
10208
10209
10210
10211
10212
10213
10214
10215
10216
10217
10218
10219
10220
10221
10222
10223
10224
10225
10226
10227
10228
10229
10230
10231
10232
10233
10234
10235
10236
10237
10238
10239
10240
10241
10242
10243
10244
10245
10246
10247
10248
10249
10250
10251
10252
10278
10327
10328
10329
10330
10331
10366
10367
10372
10373
10374
10375
10376
10377
10378
10379
10380
10614
10683
10712
10713
10714
10715
10716
10717
10718
10719
10720
10721
10768
10856
10857
10858
10859
10860
10861
10862
10863
10864
10865
10866
10868
10878
10879
10880
10881
10882
10883
10884
10885
10886
10887
10888
10889
10890
10891
10892
10893
10894
10895
10896
10897
10898
10899
10900
10901
10902
10903
10904
10907
10910
10911
10912
10913
10914
10915
10916
10917
10919
10920
10921
10922
10923
10924
10925
10926
10927
10928
10929
10930
10931
10932
10933
10934
10935
10936
10937
10938
10939
10940
10941
10942
10943
10944
10945
10946
10947
10948
10949
10950
10951
10952
10953
10954
10955
10956
10957
10959
10960
10961
10962
10963
10964
10965
10966
10967
10968
10969
10970
10971
10972
10973
10974
10975
10976
10977
10978
10979
10980
10981
10982
10983
10984
10985
10986
11024
11063
11152
11153
11154
11156
11158
11174
11225
11226
11227
11228
11229
11230
11231
11234
11235
11236
11237
11238
11239
11318
11403
11404
11406
11407
11408
11409
11410
11411
11412
11413
11414
11415
11416
11417
11418
11419
11428
11473
11547
11552
11601
11606
11632
11633
11657
11658
11659
11660
11661
11662
11663
11664
11665
11666
11667
11668
11782
11784
11847
11851
11876
11877
11878
11879
11880
11881
11882
11883
11884
11885
11886
11887
11888
11889
11890
11891
11892
11893
11894
11895
11896
11897
11898
11899
11900
11901
11902
11903
11904
11905
11906
11907
11908
11909
11910
11911
11912
11954
11955
11956
11957
11958
11959
11960
11961
11962
11963
11964
11965
11966
11967
11968
11969
11970
11971
11972
11973
11974
11975
11976
11977
11978
11979
11980
11981
11982
11983
11984
11985
11986
7.3.0.24500
12015
7.3.0.24651
12082
12085
12086
7.3.0.24727
12107
12112
12113
12117
12118
12119
12120
12121
12122
12123
12124
12125
12126
12127
7.3.0.24829
12184
7.3.2.25079
12138
7.3.2.25326
12266
7.3.5.25928
12445
12446
12447
12448
12450
12451
12452
12453
8.0.1.25976
12472
8.0.1.26287
12516
12517
12537
8.0.1.26310
12545
8.0.1.26433
12554
12569
12570
12580
8.0.1.26522
12598
12603
12608
12609
12610
12611
12612
12613
8.0.1.26567
12710
12712
12713
12714
12720
12728
12729
12745
12748
12749
12750
12751
12752
12763
12766
12767
12768
8.0.1.26624
12773
12774
12775
12776
12777
12778
12779
12780
12781
12782
12783
12784
12785
12786
12787
12788
12789
12790
12791
12792
12793
12794
12795
12796
12797
12798
12799
12800
12801
12802
12803
12804
12805
12808
12809
12810
12811
12813
12814
12815
12816
12817
12818
12819
12820
12821
12871
12919
12920
12921
12922
12923
12924
12925
12926
12951
12999
13000
13001
13002
13003
13004
13005
13006
13007
13008
13010
13040
13043
13044
13052
8.0.1.26707
13063
13065
13066
13067
13068
13069
13070
13071
13072
13073
13074
13089
13092
8.0.1.26788
13136
13139
13140
8.0.1.26903
13147
13148
13149
8.0.1.26926
13137
8.0.1.26970
13152
8.0.1.27026
13153
13154
13155
8.0.1.27219
13166
13167
13169
13170
8.1.0.27934
13172
13173
13174
13175
13177
13178
13179
13180
13181
13182
13183
13184
13185
13197
13198
13227
13228
13254
13255
13258
13259
8.1.0.28202
13317
13318
13319
13320
13321
13328
13329
13330
13331
13332
13333
13334
13336
13344
13346
13347
13348
13349
13350
13351
13353
13354
13355
13356
13357
13358
13359
13361
13362
13363
13364
13365
13366
13367
13368
13369
13370
13371
13372
13373
13374
13375
13376
13377
13378
13379
13380
13381
13382
13402
13403
13404
13405
13406
13407
13408
13411
13412
13413
13420
13421
8.1.0.28294
13432
13444
13446
13447
8.1.0.28616
13452
13453
8.1.5.28938
13156
13157
13159
13160
13195
8.1.5.29141
13488
8.1.5.29220
13509
8.1.5.29558
13521
13522
13523
13524
13525
13526
13527
13528
13529
13530
13531
13532
13533
13534
13535
13536
13537
13538
13539
13540
8.2.0.30080
13471
13515
13544
13552
13568
13587
13588
13589
13590
13591
13592
13593
13594
13595
13596
13597
13598
13600
13601
13602
13603
13604
13605
13606
13607
13608
13609
13610
13611
13612
13613
13614
13615
8.2.0.30168
13616
13617
13618
13619
13620
8.2.0.30262
13636
13637
13688
13689
8.2.0.30329
13720
13721
8.2.0.30430
13734
13740
13741
13742
8.2.0.30495
13812
13813
13814
13815
13816
13817
13818
13819
13820
13821
13822
13823
13824
13825
13826
13827
13828
13829
13830
13831
8.2.0.30669
13838
8.2.0.31229
13893
13907
13908
13909
13910
13911
13912
13913
13914
13915
13916
8.3.0.32044
13207
13933
13934
13935
13936
13937
13938
13939
13940
13941
13942
13943
13944
13945
13946
13947
13948
13949
13950
13951
13952
13953
13954
13991
13993
14012
14025
8.3.0.32203
14039
14040
8.3.0.32272
14056
14057
8.3.0.32414
14073
14074
14075
14076
14077
14078
14079
14080
14082
14089
14091
14093
14094
14095
14096
14097
14098
14101
14102
14104
14105
14107
14108
14109
14110
14111
14112
14114
14115
14117
14118
14119
14120
14123
14124
14125
14126
14127
14128
14129
14130
14131
14132
14133
14134
14135
14136
14137
14138
8.3.0.32712
14185
14189
8.3.7.34872
14207
14208
14210
14211
14212
14238
14239
14240
14241
14242
14243
14244
14245
14246
14247
14248
14249
14250
14251
14252
14253
14254
14255
14256
14257
14258
14259
14260
14261
14262
14263
14264
14265
9.0.1.33978
13997
14200
14201
14202
14205
14213
14221
14223
14234
14235
14279
14282
9.0.1.34199
14288
9.0.1.34615
14299
14300
14301
14302
9.0.1.35078
14377
14378
14379
14380
14381
14382
14383
14384
14385
9.0.1.35167
14387
14388
14389
14390
14391
14392
14393
14394
14395
14396
14397
14398
14399
14400
14401
14402
14403
14404
14405
14406
14407
14412
14419
14420
14421
14422
14423
14424
14425
14426
14427
14428
14429
14430
14431
14432
14433
14434
14435
14436
14437
14438
14439
14440
14441
14442
14443
14444
14445
14446
14447
14448
14449
14450
14451
14452
14453
14454
14455
14456
14457
14458
14459
9.0.1.35256
14504
14505
14506
14507
14508
14509
14510
14517
14518
14520
14521
14522
9.0.1.35360
14527
14528
14529
14555
14557
14558
14559
14560
14561
14563
14564
14565
14566
14571
14583
14596
14597
14598
14599
14600
14601
14602
14603
14604
9.0.1.35432
14609
14611
14612
14613
14615
14618
9.0.1.35522
14652
14653
14654
14655
14657
14664
14665
14666
14667
9.0.1.35598
14720
14756
14757
14784
14785
14786
14787
9.0.1.35755
14804
9.0.1.35828
14813
14815
9.0.2.35854
14807
14811
14819
14820
14821
14822
14823
14824
9.0.2.35978
14838
9.0.2.36086
14848
9.0.2.36165
14287
14855
9.0.2.36294
14884
14886
9.0.2.36401
14888
14889
14890
14891
14892
14893
9.0.2.36512
14897
14898
14899
14900
14901
9.0.2.36532
14902
9.0.2.37130
14917
14918
14919
14920
14921
14922
14923
14924
9.0.2.37415
14936
14937
9.0.5.37503
14905
14906
14907
14908
14909
14910
14911
14912
14913
14914
14915
14916
14930
14933
9.0.5.38556
15010
15011
15012
15013
9.1.0.38312
14934
14944
14945
14946
14947
14954
14955
14956
14957
14966
14967
9.1.0.38511
15068
15071
15074
9.1.0.38709
15111
9.1.0.38783
15136
15137
15138
15139
15140
15141
15142
15143
15144
15145
15146
15147
15148
15149
15150
15151
15152
15153
15154
15155
15156
15157
15158
15159
15160
15161
15162
15163
15164
15165
15166
15167
15168
15169
15170
15171
15172
15173
15174
15175
15176
9.1.0.38950
15182
15183
15184
15185
15186
15187
15188
15189
9.1.0.39015
15192
15193
9.1.0.40593
15247
15248
15249
15250
9.1.5.39977
15226
15227
15228
15230
15231
15235
15236
15237
15238
9.1.5.40196
15242
15243
15244
15245
9.1.5.40496
15312
9.1.5.40622
15326
9.2.0.41726
15472
15473
15474
9.2.0.42174
15557
9.2.0.42698
15592
15593
9.2.5.42850
15596
10.0.0.44649
15325
15394
15638
15641
15642
15643
15644
15655
15656
15657
15658
15659
15660
15696
15697
15698
15702
15703
15704
15705
15706
15707
15708
15709
15710
15711
15712
15713
15714
15715
15716
15717
15718
15719
15720
15721
15722
15723
15724
15725
15726
15727
15728
15729
15730
15731
15732
15733
15734
15735
15736
15737
15738
15739
15740
15741
15742
15743
15744
15745
15746
15747
15757
15758
15759
15760
15761
15762
15763
15764
15765
15766
15767
15768
15769
15770
15771
15772
15773
15774
15775
15776
15777
15778
15779
15780
15781
15782
15783
15784
15785
15786
15787
15788
15789
15790
15791
15792
15793
15794
15795
15796
15797
15798
15799
15800
15801
15802
15803
15804
15805
15818
15819
15820
15821
15822
15823
15827
15828
15829
15830
15831
15832
15833
15834
15835
15836
15837
15838
15839
15840
15841
15842
15843
15844
15845
15846
15847
15848
15849
15850
15851
15852
15855
15856
15857
15858
15859
15860
15861
15862
15863
15864
15865
15866
15867
15868
15869
15870
15871
15872
15873
15874
15875
15876
15877
15878
15879
15880
15881
15882
15883
15884
15885
15886
15887
15889
15890
15891
15892
15893
15894
15895
15896
15897
15898
15899
15900
15901
15902
10.0.0.4470715903
15904
15905
15906
15907
15908
15909
15910
15911
15912
15913
15914
15915
15916
15917
15918
15919
15920
15921
15922
15923
15924
15925
15926
15927
15928
15929
15930
15931
15932
15933
15934
15935
15936
15937
15938
15939
15940
15941
15942
15943
15951
15952
15953
15954
15955
15956
15957
15958
15959
15960
15961
15984
15985
15986
15987
15988
15989
15990
15991
