8.0.1.26788
163017
163073
9.0.1.35679
177665
9.1.5.39977
187958
10.0.0.44649
192495
193032
193033
193476
193478
197719
197961
197986
198039
198090
198402
198409
198428
10.0.0.44707
194052
198227
198474
198537
198646
10.0.0.44795
194060
198206
198264
198827
10.0.0.44895
194056
198156
198857
199111
10.0.0.44999
194057
194058
194059
199554
10.0.0.45141
199337
199926
10.0.0.45232
191891
200142
200148
200160
200178
200198
200249
200469
200550
200551
10.0.0.45335
200116
200597
200628
200630
200631
200636
200640
10.0.0.45454
200857
200869
200878
10.0.0.45570
200960
200999
10.0.0.45661
192443
198720
198721
198722
198728
198729
199649
199650
199767
199768
199769
199770
199771
199892
199894
199896
199897
199899
199902
201435
10.0.2.45779
194885




Missing in ToyDB.lua

8.0.1.26624
163213
8.0.1.26788
163017
163073
9.0.1.35679
177665
10.0.0.44649
192495
193032
193033
193476
193478
197719
197961
197986
198039
198090
198402
198409
198428
10.0.0.44707
194052
198227
198474
198537
198646
10.0.0.44795
194060
198206
198264
198827
10.0.0.44895
194056
198156
198857
199111
10.0.0.44999
194057
194058
194059
199554
10.0.0.45141
199337
199926
10.0.0.45232
191891
200142
200148
200160
200178
200198
200249
200469
200550
200551
10.0.0.45335
200116
200597
200628
200630
200631
200636
200640
10.0.0.45454
200857
200869
200878
10.0.0.45570
200960
200999
10.0.0.45661
192443
198720
198721
198722
198728
198729
199649
199650
199767
199768
199769
199770
199771
199892
199894
199896
199897
199899
199902
201435
10.0.2.45779
194885
