0.5.3.3368
1
2
3
4
5
6
7
8
9
14
15
16
17
18
19
20
22
23
24
25
26
27
28
29
30
31
32
33
34
35
36
37
38
39
40
41
42
43
44
45
46
48
49
50
51
52
53
55
56
57
58
60
61
62
63
64
65
66
67
70
71
73
74
75
77
78
79
80
82
83
84
85
86
88
89
90
91
94
108
109
110
111
128
148
168
189
209
0.5.5.3494
229
249
0.6.0.3592
269
289
0.7.0.3694
309
310
311
329
389
409
0.8.0.3734
429
449
450
0.9.0.3807
469
471
489
1.0.0.3980
511
531
532
549
550
551
569
570
571
572
573
574
575
629
630
1.1.2.4125
649
669
670
671
672
673
674
675
676
677
678
679
689
1.13.0.28211
709
750
769
770
771
789
790
829
849
869
891
892
893
912
915
916
917
918
919
920
921
928
931
950
951
954
1.13.2.30172
2402
2403
1.14.1.41077
1041
1.14.2.41959
2505
2.0.0.6080
914
923
924
925
926
927
929
936
937
938
939
940
943
944
945
948
949
952
953
955
956
957
958
959
960
961
962
963
964
965
966
968
969
971
972
973
974
975
976
977
979
980
981
982
983
984
985
986
987
988
991
992
993
994
995
996
997
998
999
1000
1001
1002
1003
1004
1005
2.4.3.8606
1006
1007
1008
1009
1010
1013
1014
1016
1017
1018
1019
1020
1021
1022
1023
1024
1025
1026
1027
1028
1029
1030
1032
1033
1034
1035
1036
1039
1040
1042
1043
1044
1049
1059
1069
1070
1071
1074
1075
1078
1080
1081
1087
3.0.1.8303
1045
1046
1047
1048
1051
1053
1054
1055
1056
1057
1058
1060
1061
1062
1063
1065
1066
1072
1076
1079
1082
1083
1084
1086
1088
1089
1092
1093
1095
1096
1097
1099
1100
1101
3.0.1.8622
1102
1103
1107
1108
1109
1110
1111
1112
1113
1114
1115
1116
1117
1118
3.0.1.8874
1120
1121
1122
1123
1125
3.1.0.9767
1127
3.3.5.12340
1136
1137
1145
1154
1155
1159
1160
4.0.1.12911
1128
1129
1130
1131
1132
1138
1142
1143
1144
1152
1153
1157
1161
1162
1163
1166
1167
1169
4.3.4.15595
1179
1181
1189
1233
1234
1235
1237
1240
1241
1265
5.0.3.15882
1216
1243
1245
1249
1252
1253
1268
1286
1336
1338
1339
1340
1351
1364
1366
1367
1368
1369
1370
6.0.1.18179
1371
1372
1374
1416
1419
1433
1440
1443
1444
1447
1457
1483
1491
1496
1500
1508
1509
1514
1520
1521
1591
7.3.0.24473
1617
1618
1623
1665
1674
1679
1680
1687
1690
1691
1712
1713
1714
1715
1716
1717
1718
1732
1735
1746
1747
1756
1757
1758
1759
1760
1786
1815
1833
1834
1860
1861
1862
1888
1899
1905
1910
1911
1912
1913
1914
1919
1920
1947
1953
1962
1984
1989
2010
2011
2012
2040
2063
2085
2086
2087
2088
2089
2090
2091
2135
7.3.0.24608
2166
2167
7.3.0.24727
2180
7.3.5.25928
2229
2230
2231
2232
8.0.1.25902
2104
2105
2111
2120
2121
2122
2155
2176
2177
2178
2179
2185
2186
2187
2192
2218
2219
2220
2221
2222
2227
2228
2233
8.0.1.26032
2242
2243
8.0.1.26095
2245
8.0.1.26433
2258
2259
8.0.1.26476
2264
2265
8.1.0.27826
2370
2378
2379
2380
2381
8.1.0.28048
2382
2383
2384
2385
2386
2387
8.1.5.28938
2371
2372
8.2.0.30080
2374
2375
2376
2377
2388
2389
2390
2392
2394
2396
2397
2398
2401
8.3.0.32044
2416
2418
2419
8.3.0.32489
2427
8.3.0.32593
2431
9.0.1.33978
2404
2405
2406
2408
2411
2412
2414
2422
2437
2438
9.0.1.34714
2440
2441
2442
2443
2444
9.1.0.38312
2468
2471
9.1.0.38511
2473
2474
9.2.0.41089
2469
2479
2480
2481
2502
10.0.0.44649
2503
2504
2506
2507
2508
2509
2510
2511
2512
2513
2514
2516
2517
2518
2519
2520
2521
2522
2523
2524
2525
2526
2542
2544
2545
2546
2547
2548
10.0.0.44707
2550
10.0.0.44795
2551
2552
10.0.0.44999
2553
10.0.0.45141
2554
2555
