6.0.1.18179
0
3363
25675
25858
25859
32420
39450
39910
39949
40212
42668
42680
42683
42929
43810
44824
44825
44827
46980
47037
48023
48024
50281
50869
50870
51617
51621
51960
54726
54727
55293
58819
58997
58999
59802
59804
61442
61983
64992
64993
66907
68768
68769
68930
71344
71345
71346
71347
72281
72282
72283
72284
74854
74855
75617
75618
75619
75620
75972
76153
76154
79361
86579
87840
89520
97390
101641
104515
104517
121805
128859
130678
130730
130895
134854
134931
145133
148626
148970
148972
150926
7.3.0.24473
205656
221883
221885
221886
221887
7.3.0.24727
254471
254472
254473
254474
8.0.1.25902
244457
8.0.1.26522
276111
276112
9.1.5.40622
363608
10.0.0.44649
349935
349943
350219
350220
351403
351404
351408
352926
352927
359408
359409
359622
360954
368893
368896
368899
368901
371176
371571
372995
373646
373859
373913
373967
374032
374034
374048
374071
374090
374093
374097
374098
374138
374140
374142
374155
374157
374162
374172
374181
374194
374196
374200
374201
374204
374247
374255
374258
374259
374263
374275
374278
376873
376875
376879
376880
376898
376909
376910
376912
376913
377071
377849
10.0.0.44795
384963
385115
385131
385134
385253
385260
385262
385266
385738
385767
385771




Missing in MountDB.lua

6.0.1.18179
3363
25675
25858
25859
32420
39450
39910
39949
40212
42929
43810
44824
44825
44827
46980
47037
48023
48024
50281
50869
50870
51617
51621
51960
54726
54727
55293
58819
58997
58999
59802
59804
61442
61983
64992
64993
66907
68768
68769
68930
71344
71345
71346
71347
72281
72282
72283
72284
74854
74855
75617
75618
75619
75620
75972
76153
76154
79361
86579
87840
89520
97390
101641
104515
104517
121805
128859
130678
130730
130895
134854
134931
145133
148626
148970
148972
150926
7.3.0.24473
205656
221883
221885
221886
221887
7.3.0.24727
254471
254472
254473
254474
8.0.1.25902
244457
8.0.1.26522
276111
276112
9.1.5.40622
363608
9.2.5.43022
370770
10.0.0.44649
349935
349943
350219
350220
351403
351404
351408
352926
352927
359408
359409
359622
360954
368893
368896
368899
368901
371176
371571
372995
373646
373859
373913
373967
374032
374034
374048
374071
374090
374093
374097
374098
374138
374140
374142
374155
374157
374162
374172
374181
374194
374196
374200
374201
374204
374247
374255
374258
374259
374263
374275
374278
376873
376875
376879
376880
376898
376909
376910
376912
376913
377071
377849
10.0.0.44795
384963
385115
385131
385134
385253
385260
385262
385266
385738
385767
385771
