1.13.0.28211
63
73
96
100
137
220
242
259
260
261
352
406
462
490
497
534
548
612
614
615
618
620
636
729
731
759
760
781
787
807
810
811
814
820
839
854
856
886
897
934
944
945
946
948
949
950
953
954
955
956
958
965
966
967
968
982
983
984
985
986
988
989
990
1001
1002
1003
1052
1132
1135
1141
1143
1155
1156
1157
1158
1161
1162
1163
1277
1278
1279
1280
1288
1289
1290
1291
1292
1293
1294
1295
1296
1297
1298
1299
1300
1367
1369
1371
1375
1385
1386
1390
1397
1437
1438
1439
1441
1443
1458
1459
1460
1461
1465
1466
1498
1501
1502
1505
1507
1508
1509
1510
1512
1515
1519
1520
1521
1522
1523
1524
1525
1526
1527
1528
1529
1530
1531
1532
1533
1534
1535
1536
1537
1538
1579
1580
1646
1647
1648
1659
1660
1662
1663
1664
1718
1719
1738
1778
1779
1783
1784
1785
1791
1796
1799
1801
1803
1805
1943
1963
2000
2018
2019
2020
2058
2059
2078
2098
2118
2138
2358
2378
2379
2381
2382
2458
2460
2478
2479
2868
2944
2971
2983
2984
2985
2986
2996
2997
2999
3000
3001
3022
3023
3091
3092
3093
3094
3111
3241
3383
3384
3401
3403
3404
3405
3422
3423
3424
3425
3482
3515
3516
3524
3529
3530
3531
3622
3623
3624
3631
3885
3910
4299
4323
4487
4488
4489
4490
4541
4722
4723
4725
4727
4728
4730
4731
4732
4733
4736
4737
4738
4739
4761
4762
4781
4782
4783
4784
4811
4812
4905
4961
4962
4963
4965
4967
4968
4969
4976
5101
5205
5207
5208
5209
5303
5304
5506
5512
5516
5520
5523
5530
5532
5628
5629
5630
5631
5632
5633
5635
5636
5637
5638
5639
5640
5641
5642
5643
5644
5645
5646
5647
5652
5653
5654
5655
5656
5657
5658
5659
5660
5661
5662
5663
5664
5665
5666
5667
5668
5669
5670
5671
5673
5674
5675
5677
5678
5680
5681
5682
5683
5684
5685
5686
5687
5688
5689
5690
5691
5692
5693
5694
5695
5696
5697
5698
5699
5700
5701
5702
5703
5704
5705
5706
5707
5708
5709
5710
5711
5712
6003
6061
6065
6066
6067
6087
6088
6089
6123
6128
6141
6165
6201
6202
6606
6702
6704
6706
6708
6710
6841
6843
7384
7487
7521
7522
7561
7621
7637
7638
7639
7640
7641
7642
7643
7644
7645
7646
7648
7670
7681
7682
7741
7788
7789
7790
7869
7870
7871
7872
7873
7874
7875
7876
7904
8080
8123
8152
8154
8155
8156
8160
8161
8162
8230
8247
8248
8254
8266
8268
8275
8290
8291
8294
8295
8297
8299
8371
8410
8411
8444
8445
8459
8530
8617
8869
8973
9031
9065
9378
9411
9412
9413
9414
9556
1.13.2.30073
55296
1.13.5.34713
60860
60863
60864
60865
60866
60868
60870
1.13.6.36149
61547
1.13.7.37892
63769
1.14.1.40688
8571
65309
1.14.2.42065
65593
65597
65601
65602
65603
65604
65610
65616
1.14.3.42770
66145
66193
1.14.3.42926
66281
66286
66287
66288
66289
66290
66291
66292
66293
66294
66295
66317
66318
2.5.1.38043
8337
8339
8340
8344
9168
9306
9307
9308
9316
9347
9348
9350
9354
9379
9384
9432
9445
9460
9484
9485
9486
9497
9502
9507
9532
9546
9547
9551
9552
9553
9554
9568
9577
9583
9591
9592
9593
9596
9597
9599
9613
9614
9615
9617
9618
9650
9651
9652
9653
9654
9655
9656
9657
9658
9659
9660
9661
9662
9679
9712
9713
9745
9754
9755
9757
9767
9768
9880
9881
9926
10080
10083
10181
10215
10217
10219
10244
10260
10292
10364
10376
10377
10378
10379
10383
10402
10404
10452
10453
10491
10529
10530
10532
10534
10535
10539
10591
10605
10616
10631
10638
10716
10743
10746
10752
10779
10787
10789
10790
10794
10844
10890
10931
10932
10933
10934
10999
11121
11125
11127
11197
11226
11335
11336
11337
11338
11339
11340
11341
11342
11353
11425
11435
11437
11438
11444
11445
11493
11577
11588
11589
11874
11974
12186
12187
12600
63448
63450
63546
63547
63767
63768
63770
63865
63866
2.5.1.38119
63978
2.5.1.38225
64028
64031
64032
64033
64034
64035
64036
64037
64038
64046
64047
64048
64049
64050
64051
64052
64053
64054
64062
64063
64064
64071
2.5.1.38285
64095
64128
64139
64140
64141
64142
64143
64144
2.5.1.38453
64217
2.5.1.38502
64275
2.5.1.38548
64319
2.5.1.39399
9298
10549
2.5.3.41402
65284
65285
65561
65562
3.4.0.43659
11189
11402
11461
11462
11463
11578
11579
11934
11992
11994
12001
12015
12018
12021
12023
12024
12025
12087
12108
12156
12162
12163
12313
12426
12445
12493
12586
12601
12602
12625
12626
12682
12731
12764
12765
12780
12825
12834
12835
12837
12881
12923
13123
13173
13210
13299
13303
13317
13378
13404
13405
13406
13407
13427
13428
13478
13649
13914
13915
13916
13917
13990
13997
14032
14163
14164
14178
14179
14180
14181
14182
14183
14185
14186
14187
14200
14349
14350
14351
14409
14418
14419
14420
14421
14441
24216
24217
24218
24219
24220
24221
24222
24223
24224
24225
24226
24227
24426
24427
24508
24509
24746
24857
24869
24870
24871
24872
24873
24874
24875
24876
24877
24878
24879
24880
25238
3.4.0.44729
70349
5.0.3.15890
13574
13608
13637
13802
13804
13894
13939
13941
13972
13978
13984
13993
13994
13996
14000
14002
14007
14008
14009
14010
14011
14012
14013
14015
14020
14025
14026
14027
14029
14097
14133
14137
14156
14298
14315
14317
14415
14425
14426
14427
14450
14451
24460
24462
24494
24526
24527
24530
24531
24544
24640
24696
24738
24739
24760
24766
24772
24778
24784
24860
24867
24900
24908
24909
24935
24962
24964
24967
24968
24969
24984
24985
24986
24987
25016
25076
25077
25078
25083
25096
25097
25101
25113
25114
25116
25119
25137
25138
25139
25140
25141
25142
25143
25144
25145
25146
25147
25148
25149
25150
25189
25225
25231
25302
25307
25313
25318
25322
25326
25327
25335
25376
25501
25508
25557
25604
25625
25789
25827
25828
25831
25833
25902
25903
26104
26109
26123
26151
26198
26200
26201
26204
26216
26217
26218
26231
26239
26242
26253
26262
26274
26392
26458
26460
26471
26559
26626
26675
26715
26716
26789
26790
26841
26847
26848
26849
26850
26851
26852
26853
26859
26877
26880
26891
26900
26904
26940
26945
26946
26947
26948
27014
27015
27020
27021
27022
27023
27027
27029
27052
27066
27067
27081
27137
27138
27149
27250
27543
27678
27723
27819
28016
28018
28020
28022
28095
28110
28371
28412
28585
28648
28739
28754
28835
28844
28851
28890
28891
28892
28893
28894
28895
28896
28897
28898
28899
28900
28901
28902
28903
28904
28936
28937
28938
28939
28940
28941
28942
29025
29041
29042
29043
29044
29045
29046
29047
29048
29049
29050
29055
29056
29057
29058
29059
29060
29062
29063
29064
29065
29070
29072
29076
29077
29097
29098
29099
29108
29140
29170
29171
29178
29180
29184
29187
29212
29216
29224
29256
29258
29259
29260
29266
29271
29277
29294
29372
29373
29441
29459
29460
29461
29473
29532
29533
29569
29671
29853
30119
30173
6.0.1.18179
32961
7.3.0.24473
8971
37042
37139
37200
37258
37267
37337
37519
37527
37529
37643
37846
37854
37929
37931
37936
37954
37971
38011
38012
38016
38027
38055
38056
38063
38064
38065
38066
38067
38068
38069
38070
38071
38072
38073
38074
38075
38076
38077
38078
38079
38080
38081
38082
38083
38084
38085
38086
38087
38088
38089
38090
38091
38092
38093
38094
38095
38096
38097
38098
38099
38100
38101
38102
38103
38104
38105
38106
38107
38108
38228
38230
38233
38319
38325
38326
38327
38328
38329
38330
38335
38336
38338
38340
38364
38373
38375
38385
38403
38409
38418
38429
38432
38450
38456
38464
38484
38492
38493
38497
38520
38553
38554
38555
38556
38590
38606
38625
38627
38630
38635
38636
38651
38652
38653
38706
38824
38835
38846
38848
38859
38875
38879
38880
38881
38883
38884
38891
38905
38908
38918
38920
38921
38942
38973
38984
38985
38986
38987
38988
38991
38998
38999
39008
39053
39064
39065
39091
39115
39139
39140
39141
39146
39148
39150
39194
39213
39215
39270
39281
39284
39291
39298
39319
39320
39715
39747
39754
39755
39760
39778
39779
39784
39797
39838
39839
39840
39841
39844
39845
39863
39888
39893
39894
39897
39898
39899
39901
39902
39908
39909
39911
39912
39913
39915
39917
39922
39924
40027
40098
40101
40128
40150
40226
40239
40271
40275
40281
40283
40284
40285
40286
40287
40289
40290
40291
40292
40294
40295
40309
40318
40387
40413
40421
40423
40501
40548
40549
40550
40551
40552
40554
40555
40563
40564
40566
40592
40648
40789
40799
40800
40802
40809
40826
40836
40887
40895
40899
40903
40926
40928
40948
40979
40981
40984
40999
41015
41017
41020
41046
41061
41088
41092
41130
41131
41132
41133
41236
41245
41247
41249
41325
41341
41348
41365
41401
41402
41403
41404
41417
41419
41429
41456
41476
41477
41543
41576
41577
41578
41581
41587
41588
41589
41592
41593
41594
41595
41683
41693
41698
41757
41758
41765
41827
41830
41843
41887
41894
41902
41912
41913
41923
41928
41962
41968
41969
41970
41971
41972
41973
41974
41975
41976
41977
42057
42059
42060
42066
42073
42095
42099
42109
42121
42122
42144
42152
42153
42155
42156
42161
42162
42163
42164
42180
42195
42196
42216
42217
42218
42219
42246
42247
42248
42249
42251
42252
42253
42254
42256
42257
42258
42259
42260
42261
42262
42263
42264
42298
42299
42300
42301
42302
42304
42305
42306
42307
42310
42311
42312
42313
42314
42315
42316
42317
42318
42319
42320
42321
42322
42324
42325
42326
42327
42335
42336
42337
42341
42342
42343
42344
42346
42347
42348
42349
42355
42356
42357
42358
42359
42441
42478
42600
42615
42621
42698
42700
42710
42715
42716
42717
42718
42720
42759
42760
42761
42793
42794
42923
42925
43278
43279
43280
43281
43308
43320
43321
43322
43326
43329
43330
43439
43482
43544
43602
43725
43727
43728
43739
43754
43757
43768
43770
43773
43779
43931
43956
43997
43998
43999
44000
44001
44020
44068
44069
44123
44125
44126
44127
44128
44129
44130
44131
44132
44133
44141
44313
44314
44315
44316
44317
44318
44319
44320
44321
44322
44494
44648
44649
44703
44704
44705
44706
44755
44757
44774
44776
44778
44779
44804
44806
44824
44826
44848
44852
44855
44886
44887
44912
44942
44944
45029
45031
45077
45078
45100
45124
45129
45130
45131
45161
45164
45165
45170
45303
45309
45310
45315
45336
45338
45352
45371
45422
45517
45519
45521
45529
45546
45558
45606
45636
45745
45768
45775
45832
45860
45941
45976
45978
45979
45980
45981
45982
45983
45984
46033
46114
46118
46181
46289
46303
46306
46307
46706
46803
46806
46872
46873
46874
46875
46876
46877
46878
46879
46880
46881
46882
46883
46884
46885
46886
46887
46888
46889
46890
46891
46892
46893
46894
46895
46896
46897
46898
46899
46900
46901
46902
46903
46905
46906
46907
46908
46909
46910
46911
46912
46913
46914
46915
46916
46917
46918
46919
46920
46921
46922
46925
46934
46936
46937
47149
47187
47190
47192
47256
47265
47417
47626
47655
47658
47842
47875
47876
47886
47893
48220
48457
7.3.5.25928
49760
49761
49762
49763
49764
8.2.0.30168
56426
10.0.0.44649
65841
10.0.0.44707
69949
70152
70153
70160
70165
70172
70177
70205
70208
70209
70212
70213
70216
70218
70222
70224
70225
70226
70227
70228
70230
70232
70246
70247
70248
70249
70250
70251
70252
70253
70254
70255
70256
70257
70258
70259
70260
70261
70262
70263
70264
70267
70269
70270
70271
70272
70273
70274
70275
70276
70277
70278
70280
70281
70282
70283
70284
70285
10.0.0.44795
70287
70288
70289
70290
70291
70292
70293
70294
70295
70296
70297
70298
70301
70302
70303
70304
70305
70306
70307
70308
70309
70310
70311
70312
70313
70314
70315
70316
70317
70318
70320
70336
70340
70342
70345
70346
70353
70369
70372
70375
70378
70379
70380
70381
70382
70383
70384
70385
70386
70387
70388
70389
70393
70394
70402
70403
70404
70405
70406
70410
70412
70413
70415
70416
70418
70419
70420
70421
70422
70424
70425
70426
70427
70428
70429
70430
70431
70432
70433
70434
70435
70436
10.0.0.44895
70245
70440
70441
70442
70443
70447
70502
70503
70504
70505
70507
70508
70512
70513
70514
70515
70516
70517
70518
70519
70520
70521
70522
70523
70524
70525
70551
70552
70553
70554
70555
70556
70573
70574
70575
70576
70577
70578
70579
70580
70581
70583
70584
70585
70588
70590
70596
70597
70599
70602
70603
70604
70606
70607
70608
70609
70610
70611
70612
70622
70623
70625
70626
70628
70630
70631
70635
70636
70637
70639
10.0.0.44999
70645
70648
70649
70651
70652
70653
70654
70657
70658
70660
70662
70698
70712
70718
70719
70720
70731
70733
70749
70751
70755
70756
70757
70758
70759
10.0.0.45141
70763
70767
70768
70769
70770
70771
70772
70773
70774
70775
70776
70777
70778
70780
70782
70787
70792
70793
70794
70795
70796
70797
70798
70799
70800
70801
70802
70803
70804
70823
70825
70826
70827
70866
70898
70906
70923
70947
70949
10.0.0.45232
70979
70983
70984
70986
71033
71044
71045
71046
71047
71048
71049
71050
71051
71052
71054
71055
71056
71057
71059
71061
71062
71063
71064
71065
71068
71069
71070
71071
71072
71076
71077
71078
71080
71081
71082
71084
71086
71087
71088
71136
71137
71145
10.0.0.45335
70993
71154
71156
71160
71164
71166
71167
71168
71169
71170
71171
71172
71173
71174
71175
71176
71180
71183
71185
71186
71187
71188
71189
71190
71200
71201
71202
71203
71204
71205
71206
71207
71208
71212
71214
71215
71216
71217
71218
71220
71221
71222
71223
71224
71225
71236
71237
71262
71273
71311
71312
71339
71356
71359
71371
71372
71373
71388
71431
71437
71454
71457
71459
71462
71463
71465
71466
71467
71473
71475
71477
71494
71496
71499
71500
71513
71514
71515
71516
71517
71518
71519
71520
71521
71522
71523
71524
71525
71526
71527
71528
71529
71530
71531
71532
71533
71534
71535
71536
71537
71538
71539
71540
71541
71542
71543
71544
71545
71546
71547
71548
71549
71550
71551
71552
71553
71554
71555
71556
71557
71558
71559
71560
71561
71562
71563
71564
71565
71566
71567
71568
71569
71570
71571
71572
71573
71574
71575
71576
71577
71578
71579
71580
71581
71582
71583
71584
71585
71586
71587
71588
71589
71590
71591
71592
71593
71594
71595
71596
71597
71598
71599
71600
71601
71602
71603
71604
71605
71606
71607
71608
71609
71610
71611
71612
71613
71614
71615
71616
71617
71618
71619
71620
71621
71622
71623
71624
71625
71626
71627
71628
71629
71630
71631
71632
71633
71634
71635
71636
71637
71638
71639
71640
71641
71642
71643
71644
71645
71646
71647
71648
71649
71650
71651
71652
71653
71654
71655
71656
71657
71658
71659
71660
71661
71662
71663
71664
71665
71666
71667
71668
71669
71670
71671
71672
71673
71674
71675
71676
71677
71678
71679
71680
71681
71682
71683
71684
71685
71686
71687
71688
71689
71690
71691
71692
71693
71694
71695
71696
71697
71698
71699
71700
71701
71702
71703
71706
71707
71708
71709
71710
71711
71712
71713
71714
71715
71716
71717
71718
71719
71720
71721
71722
71723
71724
71725
71726
71727
71728
71729
71730
71731
71732
71733
71734
71735
71736
71737
71738
71739
71740
71741
71742
71743
71744
71745
71746
71747
71748
71749
71750
71751
71752
71754
71755
71756
71757
71758
71759
71760
71761
71762
71763
71764
71765
71766
71767
71768
71769
71770
71771
71772
71773
71774
71775
71777
71778
71784
71785
71818
71838
71849
71856
71857
71858
71859
71860
71861
71862
71863
71864
71865
71867
71892
71893
71894
71895
71896
71897
71898
71899
71900
71901
71902
71903
71904
71905
71906
71907
71908
71909
71910
71911
71912
71913
71914
71915
71916
71917
71918
71919
71920
71921
71922
71923
71924
71925
71926
71927
71928
71929
71934
71935
71936
71937
71938
71939
71940
71941
71942
71943
71949
71950
71951
71952
71953
71954
71955
71956
71957
71958
71959
71960
71961
71962
71963
71964
71965
71966
71967
71968
71969
71970
71971
71972
71973
71974
71975
71976
71977
71978
71979
71980
71981
71982
71983
71984
71985
71986
71987
71988
71989
71990
71991
71992
71993
71994
10.0.0.45454
71995
71996
71997
71998
71999
72000
72001
72002
72003
72004
72005
72006
72007
72008
72010
72012
72013
72014
72015
72016
72017
72018
72019
72022
72028
72031
72050
72054
72055
72056
72057
72058
72061
72064
72066
72073
72076
72077
72078
72089
10.0.0.45570
72091
72093
72094
72095
72097
72098
72099
72100
72101
72102
72103
72104
72105
72106
72107
72108
72109
72110
72111
72112
72114
72115
72116
72121
72125
72126
72127
72128
72130
10.0.0.45661
72136
72138
72139
72141
72142
72143
72144
72145
72146
72147
72148
72149
72150
72151
72152
72153
72154
72161
72162
72163
72164
72165
72180
72248
72255
72257
72264
72265
72270
72271
72272
72273
72274
72275
72276
72277
72278
10.0.2.45698
72310
72311
72312
72313
72314
72315
72316
72317
72318
72319
72320
72321
72322
72323
72324
72325
72326
72327
72328
72329
72330
72331
72332
72333
72334
72335
72336
10.0.2.45779
72338
72339
72340
72341
72342
72343
72344
72345
72346
72347
72348
72349
72350
72351
72352
72353
72354
72355
72356
72357
72359
72360
72361
72362
72363
72364
72368
72370
72372
72376
72377
72378
72379
72380
10.0.2.45969
72386
72387
72388
72389
72390
72391
72392
72393
72394
72395
72396
72398
72399
72400
72401
72402
72403
72404
72407
72410
72423
72427
72428
72434
72438
72447
10.0.2.46091
72481
72482
72483
72484
72485
72486
72487
72488
72491
72492
72493
72495
72496
72497
72498
72499
72500
72501
72502
72503
72508
72516
72524
72525
72528
72539
72544
72550
72557
72560
72567
72569
72572
72575
72580
72583
10.0.2.46259
72584
72612
72613
72614
72615
72616
72617
72618
72623
72628
72631
72632
72633
72634
72635
72636
72637
72638
72639
72640
72641
72642
72643
72646
72647
72648
72649
72669
72676
72682
72683
72684
72685
72686
72687
72688
72689
72690
72691
72692
72693
72694
72695
72696
72697
72698
72701
72702
72703
72704
72708
72709
72719
72720
72721
72722
72723
72724
72725
72726
72727
72729
72730
72731
72732
72733
72737
72738
72741
72742
72744
72745
72746
72747
72748
72749
72752
72753
72756
72757
72758
72759
72761
72762
72763
72764
72765
72766
72767
72768
72770
72771
72772
72773
72774
72775
72776
72777
72778
72780
72781
72782
72784
72804
72806
72808
72810
72813
72814
72815
10.0.2.46420
72817
72819
72822
72823
72824
72825
72826
72827
72828
72834
72835
72836
72837
72838
72839
72840
72842
72843
72844
72845
72846
72848
72849
72850
72851
72852
72853
72875
10.0.2.46781
73072
73074
73223
73224
