5.0.3.15882
154
230
344
345
375
394
434
444
462
476
486
510
705
715
800
824
825
826
827
828
829
830
831
832
833
5.0.3.15890
863
864
6.0.1.18179
872
873
874
875
876
877
878
879
880
881
882
883
884
885
886
887
888
889
890
891
892
893
896
897
898
899
900
901
902
904
905
906
907
908
909
911
912
913
915
916
917
922
923
924
925
926
927
928
929
931
932
933
934
935
936
937
938
939
941
942
943
944
945
946
947
948
949
950
951
952
953
954
955
956
957
958
959
960
961
962
963
964
965
974
975
976
977
978
979
980
981
982
983
994
995
996
997
998
999
1000
1001
1002
1003
1004
1005
1006
1007
1008
1009
1010
1011
1012
1065
1066
1067
1129
1130
1131
1132
1133
1134
1135
1136
1137
1138
1139
1140
1141
1187
1188
1189
1191
1192
1193
1194
1247
1258
1259
1267
1268
1269
1271
1277
1278
1279
1280
1281
1282
1283
1284
1285
1286
1287
1288
1289
1290
1291
1292
1295
1296
1297
1298
1299
1300
1301
1311
1317
1319
1339
1352
1354
1400
1401
1402
1404
1409
1410
7.3.0.24473
1423
1424
1444
1472
1473
1474
1477
1479
1480
1482
1483
1484
1485
1486
1488
1489
1490
1492
1494
1496
1497
1498
1499
1500
1501
1532
1547
1548
1549
1550
1552
1553
1554
1555
1557
1558
1560
1561
1562
1604
1607
1608
1609
1610
1637
1640
1641
1642
1649
1651
1652
1653
1654
1671
1674
1675
1676
1677
1678
1679
1680
1681
1682
1683
1684
1685
1686
1746
1748
1757
1770
1771
1772
1780
1781
1782
1787
1788
1789
1790
1791
1792
1793
1794
1795
1796
1797
1798
1799
1800
1801
1811
1816
1817
1818
1842
1843
1851
1852
1853
1864
1865
1866
1867
1868
1869
1871
1872
1873
1874
1875
1877
1878
1881
1882
1883
1891
1892
1893
1894
1895
1896
1897
1898
1899
1904
1905
1906
1971
1972
1973
1983
1987
1989
1990
1995
1996
2008
2010
2011
2013
2014
2015
2016
2024
2025
2026
2028
2031
2032
2038
2039
2040
2048
2068
7.3.0.24651
2098
2099
2100
2103
8.0.1.26433
2193
2194
2195
8.0.1.26476
2200
2203
2204
2205
8.0.1.26522
2206
2208
2209
2210
2211
2212
2213
2214
2215
2220
2221
2222
2223
2225
2226
2227
2228
2229
2230
2231
2232
2233
8.0.1.26567
2330
2332
2333
2334
2335
2336
2337
2338
2339
2340
2343
2344
2345
2346
2347
2349
2350
2353
2354
2355
2356
2357
2358
2359
2360
2361
2363
2364
2365
2366
2367
8.0.1.26624
2368
2370
2371
8.1.0.27934
2481
2485
2486
2487
2489
2490
2492
2493
2494
2495
2496
2497
2498
2499
2500
2501
2502
2503
2504
8.1.0.28048
2480
8.1.5.29141
2146
8.2.0.30080
2592
2593
2594
2595
2596
2597
2598
2599
2600
2601
2602
2603
2605
2606
2607
2608
2609
2611
2612
2613
8.2.0.30168
2723
2726
2727
2729
2730
2732
2735
2738
2739
2740
2741
2742
8.2.0.30262
2751
2752
8.2.0.30495
2768
2769
2770
2771
2772
2774
8.3.0.32044
2799
2800
2801
2802
2803
2804
2805
2806
2807
2808
2809
2810
2811
2812
8.3.0.32151
2814
2815
2816
2817
2818
2819
2820
2821
2822
2823
8.3.0.32414
2854
2855
2856
2857
2858
2859
2860
2861
8.3.0.32593
2871
9.0.1.34199
2885
2886
2887
9.0.1.34902
2951
9.0.1.35256
2968
2969
2970
2971
2972
2973
2974
2975
2976
2977
2978
2979
2980
2981
2982
2983
2984
2985
2986
2987
2988
2989
2990
2991
2992
2993
2994
2996
2998
2999
3000
3001
3002
3003
3004
3005
9.0.2.36165
3068
3070
3071
3072
3073
3074
3075
3076
3077
3078
9.1.0.38312
3089
3090
3091
9.1.0.38549
3155
3156
3158
9.1.5.39977
3188
10.0.0.44649
3256
3257
3259
3260
3261
3262
3263
3264
3265
3266
3267
3268
3269
3270
3272
3273
3274
3275
3276
3277
3278
3279
3280
3281
3282
3283
3284
3285
3286
3287
3288
3289
3290
3291
3292
3293
3294
3295
3296
3297
3298
3299
3300
3301
3302
3303
3306
3307
3308
3309
3310
3311
3312
3313
3314
3316
3317
3318
3319
3320
3321
3322
3323
3325
3326
3327
3328
3329
3330
3331
3332
3333
3334
3335
3336
3338
3339
3340
3341
3342
3343
3344
3345
3346
3347
3348
3350
3351
3352
3353
3354
3355
3356
3357
3358
3359
3360
3361
3362
3363
3364
3365
3366
3367
3368
10.0.0.44999
3376
3377
3378
3379
10.0.0.45141
3380
3381
3382
10.0.0.45232
3384
3385
3386
3387
3388
3389
3390
3391
3392
3393
3394
3395
10.0.0.45335
3396
3397
3398
3400
3401
3402
3403
3404
10.0.0.45454
3405
3406
10.0.0.45570
3407
3408
10.0.0.45661
3409
3410
3411
3412
3414
3415
3416
3417




Missing in PetDB.lua

5.0.3.15882
2
69
71
73
154
230
257
344
345
354
374
375
378
379
380
383
384
385
386
387
388
389
390
391
392
393
394
395
396
397
398
399
400
401
402
403
404
405
406
407
408
409
410
411
412
414
415
416
417
418
419
420
421
422
423
424
425
427
428
429
430
431
432
433
434
437
438
439
440
441
442
443
444
445
446
447
448
449
450
452
453
454
455
456
457
458
459
460
461
462
463
464
465
466
467
468
469
470
471
472
473
474
475
476
477
478
479
480
482
483
484
485
486
487
488
489
491
492
493
494
495
496
497
498
499
500
502
503
504
505
506
507
508
509
510
511
512
513
514
515
517
518
519
521
523
525
528
529
530
532
534
535
536
537
538
539
540
541
542
543
544
545
546
547
548
549
550
552
553
554
555
556
557
558
559
560
562
564
565
566
567
568
569
570
571
572
573
626
627
628
629
630
631
632
633
634
635
637
638
639
640
641
644
645
646
647
648
649
675
677
678
679
680
699
702
703
705
706
707
708
709
710
711
712
713
714
715
716
717
718
722
723
724
725
726
727
728
729
730
731
732
733
737
739
740
741
742
743
744
745
746
747
748
749
750
751
752
753
754
755
756
800
817
818
819
823
824
825
826
827
828
829
830
831
832
833
837
838
851
5.0.3.15890
863
864
6.0.1.18179
872
873
874
875
876
877
878
879
880
881
882
883
884
885
886
887
888
889
890
891
892
893
894
895
896
897
898
899
900
901
902
904
905
906
907
908
909
911
912
913
915
916
917
921
922
923
924
925
926
927
928
929
931
932
933
934
935
936
937
938
939
941
942
943
944
945
946
947
948
949
950
951
952
953
954
955
956
957
958
959
960
961
962
963
964
965
966
967
968
969
970
971
972
973
974
975
976
977
978
979
980
981
982
983
984
985
986
987
988
989
990
991
992
993
994
995
996
997
998
999
1000
1001
1002
1003
1004
1005
1006
1007
1008
1009
1010
1011
1012
1013
1065
1066
1067
1068
1128
1129
1130
1131
1132
1133
1134
1135
1136
1137
1138
1139
1140
1141
1157
1158
1159
1160
1161
1162
1163
1164
1165
1166
1167
1175
1179
1181
1182
1187
1188
1189
1190
1191
1192
1193
1194
1195
1238
1247
1257
1258
1259
1267
1268
1269
1271
1277
1278
1279
1280
1281
1282
1283
1284
1285
1286
1287
1288
1289
1290
1291
1292
1293
1295
1296
1297
1298
1299
1300
1301
1311
1317
1319
1324
1325
1326
1339
1352
1354
1400
1401
1402
1404
1409
1410
7.3.0.24473
1420
1423
1424
1427
1431
1433
1435
1441
1443
1444
1447
1455
1456
1457
1462
1463
1464
1465
1468
1469
1470
1472
1473
1474
1475
1476
1477
1479
1480
1482
1483
1484
1485
1486
1487
1488
1489
1490
1492
1493
1494
1496
1497
1498
1499
1500
1501
1502
1503
1504
1505
1506
1507
1508
1509
1510
1519
1532
1547
1548
1549
1550
1552
1553
1554
1555
1556
1557
1558
1559
1560
1561
1562
1572
1573
1578
1579
1581
1582
1583
1586
1587
1589
1590
1591
1592
1593
1594
1595
1599
1604
1607
1608
1609
1610
1615
1637
1640
1641
1642
1643
1644
1645
1646
1647
1648
1649
1651
1652
1653
1654
1671
1673
1674
1675
1676
1677
1678
1679
1680
1681
1682
1683
1684
1685
1686
1708
1709
1710
1712
1713
1714
1722
1726
1728
1729
1730
1731
1734
1735
1736
1737
1738
1739
1740
1741
1742
1743
1744
1745
1746
1748
1749
1750
1751
1757
1758
1761
1762
1763
1770
1771
1772
1773
1774
1775
1776
1778
1780
1781
1782
1787
1788
1789
1790
1791
1792
1793
1794
1795
1796
1797
1798
1799
1800
1801
1807
1809
1810
1811
1815
1816
1817
1818
1840
1841
1842
1843
1846
1847
1848
1849
1850
1851
1852
1853
1855
1857
1858
1859
1860
1861
1862
1863
1864
1865
1866
1867
1868
1869
1870
1871
1872
1873
1874
1875
1877
1878
1879
1880
1881
1882
1883
1891
1892
1893
1894
1895
1896
1897
1898
1899
1904
1905
1906
1912
1913
1914
1915
1917
1935
1971
1972
1973
1974
1975
1976
1977
1981
1982
1983
1987
1988
1989
1990
1991
1992
1993
1994
1995
1996
2008
2009
2010
2011
2012
2013
2014
2015
2016
2023
2024
2025
2026
2027
2028
2031
2032
2033
2038
2039
2040
2046
2048
2061
2066
2067
2068
7.3.0.24651
2095
2096
2097
2098
2099
2100
2101
2102
2103
2104
2105
2106
2107
2108
2109
2110
2111
2112
7.3.0.24727
2114
2122
2123
2124
2126
2127
2128
2129
2130
2131
2132
2133
2134
8.0.1.25902
2076
2144
2145
2164
8.0.1.26433
2193
2194
2195
8.0.1.26476
2200
2203
2204
2205
8.0.1.26522
2206
2208
2209
2210
2211
2212
2213
2214
2215
2220
2221
2222
2223
2225
2226
2227
2228
2229
2230
2231
2232
2233
8.0.1.26567
2330
2332
2333
2334
2335
2336
2337
2338
2339
2340
2341
2343
2344
2345
2346
2347
2349
2350
2353
2354
2355
2356
2357
2358
2359
2360
2361
2363
2364
2365
2366
2367
8.0.1.26624
2368
2370
2371
2372
2373
2374
2375
2376
2377
2378
2379
2380
2381
2382
2383
2384
2385
2386
2387
2388
2389
2390
2392
2393
2394
2395
2397
2398
2399
2400
8.1.0.27934
2481
2485
2486
2487
2488
2489
2490
2492
2493
2494
2495
2496
2497
2498
2499
2500
2501
2502
2503
2504
8.1.0.28048
2480
8.1.0.28151
2537
8.1.5.29141
2146
8.2.0.30080
2592
2593
2594
2595
2596
2597
2598
2599
2600
2601
2602
2603
2605
2606
2607
2608
2609
2611
2612
2613
2645
2646
2647
2648
2649
2650
2651
2652
2653
2657
2658
2659
2660
2661
2662
2663
2664
2665
2666
2667
2668
2669
2670
2671
2672
2673
2674
2675
2676
2677
2678
8.2.0.30168
2723
2724
2725
2726
2727
2728
2729
2730
2731
2732
2733
2734
2735
2736
2737
2738
2739
2740
2741
2742
8.2.0.30262
2751
2752
8.2.0.30495
2768
2769
2770
2771
2772
2774
8.2.5.31812
2795
8.2.5.32494
2777
2778
8.3.0.32044
2780
2799
2800
2801
2802
2803
2804
2805
2806
2807
2808
2809
2810
2811
2812
8.3.0.32151
2814
2815
2816
2817
2818
2819
2820
2821
2822
2823
8.3.0.32414
2854
2855
2856
2857
2858
2859
2860
2861
2863
2864
2865
2866
2867
8.3.0.32489
2779
8.3.0.32593
2623
2871
9.0.1.34199
2885
2886
2887
9.0.1.34714
2895
2902
2919
2924
9.0.1.34821
2926
2927
2929
2930
2936
2937
2939
2943
9.0.1.34902
2950
2951
9.0.1.35256
2968
2969
2970
2971
2972
2973
2974
2975
2976
2977
2978
2979
2980
2981
2982
2983
2984
2985
2986
2987
2988
2989
2990
2991
2992
2993
2994
2996
2998
2999
3000
3001
3002
3003
3004
3005
9.0.1.35360
3007
3014
3015
3021
9.0.1.35598
3047
9.0.1.35755
3049
3050
3051
3052
9.0.2.35854
3053
9.0.2.36165
3068
3070
3071
3072
3073
3074
3075
3076
3077
3078
9.0.2.36294
3080
3081
3082
3083
9.1.0.38312
3089
3090
3091
3102
3108
3109
3111
3112
3115
3118
3119
3120
3123
3124
3126
3134
3135
3139
3141
9.1.0.38549
3155
3156
3158
9.1.5.39977
3153
3177
3188
9.2.0.41089
3173
3175
3180
3190
3191
3196
3200
3202
3203
3205
3206
3208
3209
3210
3212
3213
3214
3215
3216
3217
3218
3219
9.2.0.41726
3246
9.2.5.42850
3249
10.0.0.44649
3256
3257
3259
3260
3261
3262
3263
3264
3265
3266
3267
3268
3269
3270
3272
3273
3274
3275
3276
3277
3278
3279
3280
3281
3282
3283
3284
3285
3286
3287
3288
3289
3290
3291
3292
3293
3294
3295
3296
3297
3298
3299
3300
3301
3302
3303
3306
3307
3308
3309
3310
3311
3312
3313
3314
3316
3317
3318
3319
3320
3321
3322
3323
3325
3326
3327
3328
3329
3330
3331
3332
3333
3334
3335
3336
3338
3339
3340
3341
3342
3343
3344
3345
3346
3347
3348
3350
3351
3352
3353
3354
3355
3356
3357
3358
3359
3360
3361
3362
3363
3364
3365
3366
3367
3368
10.0.0.44999
3376
3377
3378
3379
10.0.0.45141
3380
3381
3382
10.0.0.45232
3384
3385
3386
3387
3388
3389
3390
3391
3392
3393
3394
3395
10.0.0.45335
3396
3397
3398
3400
3401
3402
3403
3404
10.0.0.45454
3405
3406
10.0.0.45570
3407
3408
10.0.0.45661
3409
3410
3411
3412
3414
3415
3416
3417
