0.5.3.3368
1
3
9
14
15
24
34
35
36
0.5.5.3494
57
0.9.0.3807
46
47
48
1.0.0.3980
50
51
54
1.1.2.4125
59
60
1.13.0.28211
78
2.0.0.6080
81
88
89
90
91
92
95
96
97
98
103
104
105
106
107
108
109
110
111
112
113
114
115
116
131
132
133
134
135
136
137
138
142
143
144
145
146
147
148
149
2.4.3.8606
152
153
154
155
157
158
161
162
168
169
170
171
172
173
174
180
181
197
198
201
202
206
209
210
211
212
220
3.0.1.8303
165
175
176
177
178
182
186
187
188
189
193
194
196
199
200
203
204
207
208
214
215
216
217
218
219
221
222
223
224
225
227
228
229
230
231
232
233
234
235
236
237
238
239
240
241
242
243
261
262
263
264
265
266
267
268
269
270
271
272
273
274
275
276
277
278
279
280
281
282
283
284
285
286
287
288
3.0.1.8622
290
291
292
293
297
298
299
300
301
302
311
312
313
314
3.0.1.8874
316
317
318
319
328
329
330
3.1.0.9767
341
342
3.3.5.12340
348
352
353
357
358
359
375
376
377
379
380
381
382
392
393
394
395
404
405
438
439
440
4.0.1.12911
343
344
345
346
347
349
371
372
373
374
378
413
414
429
433
434
436
509
538
560
561
562
563
564
574
575
577
578
585
586
587
621
623
626
627
628
629
4.3.4.15595
682
728
757
906
907
5.0.3.15882
888
918
919
920
921
922
923
924
925
926
927
935
949
950
951
963
998
1009
1016
1030
1032
1038
1046
1047
1048
1049
1050
1051
1076
1079
1091
1092
1104
1105
1114
1116
1130
1131
6.0.1.18125
1284
1291
1292
1350
1351
1385
1394
1421
1422
1430
1431
7.3.0.24473
1463
1464
1465
1466
1477
1488
1489
1490
1494
1495
1496
1497
1498
1527
1535
1536
1540
1541
1547
1549
1550
1553
1554
1555
1562
1563
1581
1582
1599
1601
1605
1606
1614
1625
1626
1634
1635
1636
1637
1642
1660
1661
1662
1716
1722
1723
1729
1730
1731
1732
1748
1783
1784
1787
1800
1801
1803
1813
1814
1818
1819
1825
1826
1827
1828
1829
1830
1831
1832
1833
1834
1835
1836
1842
1843
1844
1864
1865
1867
1868
1869
1871
1874
1875
1877
1878
1892
1893
1894
1899
1900
1902
1906
1907
1908
1909
1910
1913
1916
1917
1922
1923
1924
1927
1933
1934
1935
1947
1985
1986
1987
7.3.0.24758
2018
7.3.0.24829
2020
7.3.5.25928
2058
8.0.1.25902
1945
1961
1962
1964
1983
1984
2015
2041
2043
2065
2068
2069
2070
2073
2081
8.0.1.25976
2103
2113
8.0.1.26010
2116
8.0.1.26175
2128
2129
2130
8.0.1.26433
2156
8.0.1.26476
2158
2159
2160
2163
8.0.1.26522
2166
2167
2168
2169
2170
2171
2172
2173
8.0.1.26567
2272
8.1.0.27985
2282
8.1.0.28151
2382
2383
2384
8.2.0.30080
2392
2467
2471
2472
2473
2474
2475
9.0.1.33978
2393
2394
2396
2397
2399
2400
2490
2506
2516
2527
2541
2549
2550
2552
2553
2554
2556
2557
2562
2563
2566
2567
2568
2572
2573
2574
2575
2576
2580
2591
2594
2595
2596
2602
2603
9.0.1.34137
2604
9.0.1.34615
2605
2627
2628
2637
9.0.1.34714
2639
2640
2641
2642
2643
2644
2645
2646
2647
2648
2649
2650
2651
2652
2653
2654
2655
2656
2657
2658
9.0.1.34821
2659
2660
9.0.1.34902
2661
9.0.1.34972
2662
9.0.1.35167
2663
2664
9.0.1.35360
2665
2666
9.0.1.35755
2670
2671
2672
2673
2674
9.0.1.35828
2675
2676
2677
2678
9.0.2.36165
2681
9.0.2.36294
2682
9.0.2.37106
2683
2684
2685
2686
2687
2688
9.0.5.37503
2690
9.1.0.38312
2691
2692
2695
2699
9.1.5.39977
2708
2709
2710
2711
9.2.0.41089
2729
2730
2732
2738
2742
2743
2744
2745
2746
2747
2748
2749
2750
2751
2754
10.0.0.44649
2693
2694
2717
2718
2719
2720
2722
2739
2740
2741
2752
2770
2771
2773
2774
2775
2776
2777
2778
2779
2780
2782
2783
2784
2786
2787
2788
2789
2790
2792
2793
2794
2795
2796
2797
2798
2799
2800
2801
2802
2803
2804
2805
2806
2807
2808
2809
2810
2811
2812
2813
2814
2815
2816
2817
2818
10.0.0.44707
2820
2821
2822
2823
10.0.0.44795
2824
2825
10.0.0.44895
2832
10.0.0.44999
2834
2835
2836
2837
2838
2839
2840
2841
2842
2843




Missing in FlightPathDB.lua

2.0.0.6080
81
88
89
90
91
92
95
96
97
98
103
104
105
106
107
108
109
110
112
113
114
115
116
131
132
133
134
135
136
137
138
142
143
144
145
146
147
148
149
2.4.3.8606
152
153
154
155
157
158
161
162
168
169
170
171
172
173
174
180
181
197
198
201
202
206
209
210
211
212
220
3.0.1.8303
165
175
176
177
178
182
186
187
188
189
193
194
196
199
200
203
204
207
208
214
215
216
217
218
219
221
222
223
224
225
227
228
229
230
231
232
233
234
235
236
237
238
239
240
241
242
243
261
262
263
264
265
266
267
268
269
270
271
272
273
274
275
276
277
278
279
280
281
282
283
284
285
286
287
288
3.0.1.8622
290
291
292
293
297
298
299
300
301
302
311
312
313
314
3.0.1.8874
316
317
318
319
328
329
330
3.1.0.9767
341
342
3.3.5.12340
348
352
353
357
358
359
375
376
377
379
380
381
382
392
393
394
395
404
405
438
439
440
4.0.1.12911
343
344
345
346
347
349
371
372
373
374
378
413
414
429
433
434
436
509
538
560
561
562
563
564
574
575
577
578
585
586
587
621
623
626
627
628
629
4.3.4.15595
682
728
757
906
907
5.0.3.15882
888
918
919
920
921
922
923
924
925
926
927
935
949
950
951
963
998
1009
1016
1030
1032
1038
1046
1047
1048
1049
1050
1051
1076
1079
1091
1092
1104
1105
1114
1116
1130
1131
6.0.1.18125
1284
1291
1292
1350
1351
1385
1394
1421
1422
1430
1431
7.3.0.24473
1463
1464
1465
1466
1477
1488
1489
1490
1494
1495
1496
1497
1498
1527
1535
1536
1540
1541
1547
1549
1550
1553
1554
1555
1562
1563
1581
1582
1599
1601
1605
1606
1614
1625
1626
1634
1635
1636
1637
1642
1660
1661
1662
1716
1722
1723
1729
1730
1731
1732
1748
1783
1784
1787
1800
1801
1803
1813
1814
1818
1819
1825
1826
1827
1828
1829
1830
1831
1832
1833
1834
1835
1836
1842
1843
1844
1864
1865
1867
1868
1869
1871
1874
1875
1877
1878
1892
1893
1894
1899
1900
1902
1906
1907
1908
1909
1910
1913
1916
1917
1922
1923
1924
1927
1933
1934
1935
1944
1947
1977
1985
1986
1987
1994
7.3.0.24758
2018
7.3.0.24829
2020
7.3.5.25928
2058
8.0.1.25902
1945
1961
1962
1964
1983
1984
2015
2041
2043
2065
2068
2069
2070
2073
2081
8.0.1.25976
2103
2113
8.0.1.26010
2116
8.0.1.26175
2128
2129
2130
8.0.1.26433
2156
8.0.1.26476
2158
2159
2160
2163
8.0.1.26522
2166
2167
2168
2169
2170
2171
2172
2173
8.0.1.26567
2272
8.1.0.27985
2282
8.1.0.28151
2382
2383
2384
8.2.0.30080
2392
2467
2471
2472
2473
2474
2475
9.0.1.33978
2393
2394
2396
2397
2399
2400
2490
2506
2516
2527
2541
2549
2550
2552
2553
2554
2556
2557
2562
2563
2566
2567
2568
2572
2573
2574
2575
2576
2580
2591
2594
2595
2596
2602
2603
9.0.1.34137
2604
9.0.1.34615
2605
2627
2628
2637
9.0.1.34714
2639
2640
2641
2642
2643
2644
2645
2646
2647
2648
2649
2650
2651
2652
2653
2654
2655
2656
2657
2658
9.0.1.34821
2659
2660
9.0.1.34902
2661
9.0.1.34972
2662
9.0.1.35167
2663
2664
9.0.1.35360
2665
2666
9.0.1.35755
2670
2671
2672
2673
2674
9.0.1.35828
2675
2676
2677
2678
9.0.2.36165
2681
9.0.2.36294
2682
9.0.2.37106
2683
2684
2685
2686
2687
2688
9.0.5.37503
2690
9.1.0.38312
2691
2692
2695
2699
9.1.5.39977
2708
2709
2710
2711
9.2.0.41089
2712
2713
2714
2715
2716
2724
2725
2728
2729
2730
2731
2732
2733
2734
2736
2737
2738
2742
2743
2744
2745
2746
2747
2748
2749
2750
2751
2754
9.2.0.41462
2757
10.0.0.44649
2693
2694
2717
2718
2719
2720
2722
2739
2740
2741
2752
2770
2771
2773
2774
2775
2776
2777
2778
2779
2780
2782
2783
2784
2786
2787
2788
2789
2790
2792
2793
2794
2795
2796
2797
2798
2799
2800
2801
2802
2803
2804
2805
2806
2807
2808
2809
2810
2811
2812
2813
2814
2815
2816
2817
2818
10.0.0.44707
2820
2821
2822
2823
10.0.0.44795
2824
2825
10.0.0.44895
2832
10.0.0.44999
2834
2835
2836
2837
2838
2839
2840
2841
2842
2843
