0.5.3.3368
2259
2329
2330
2331
2332
2333
2334
2335
2336
2337
3101
3170
3171
3172
3173
3174
3175
3176
3177
3188
3230
3447
3448
3449
3450
3451
3452
3453
3454
3464
4508
4942
6617
6618
6619
6624
7179
7181
7183
7255
7256
7257
7258
7259
7836
7837
7841
7845
0.5.5.3494
8240
0.7.0.3694
11447
11448
11449
11450
11451
11452
11453
11454
11456
11457
11458
11459
11460
11461
11464
11465
11466
11467
11468
11472
11473
11476
11477
11478
11479
11480
11611
0.8.0.3734
12609
1.0.0.3980
15833
17187
17551
17552
17553
17554
17555
17556
17557
17559
17560
17561
17562
17563
17564
17565
17566
17570
17571
17572
17573
17574
17575
17576
17577
17578
17579
17580
17632
17634
17635
17636
17637
17638
1.13.0.28211
21923
22430
22732
22808
24266
24365
24366
24367
24368
25146
26277
2.0.0.6080
28543
28544
28545
28546
28549
28550
28551
28552
28553
28554
28555
28556
28557
28558
28562
28563
28564
28565
28566
28567
28568
28569
28570
28571
28572
28573
28575
28576
28577
28578
28579
28580
28581
28582
28583
28584
28585
28586
28587
28588
28589
28590
28591
28596
28672
28675
28677
29688
32765
32766
33732
33733
33738
33740
33741
2.4.3.8606
38070
38960
38961
38962
39636
39637
39638
39639
41458
41500
41501
41502
41503
42736
45061
47046
47048
47049
47050
3.0.1.8622
51304
53771
53773
53774
53775
53776
53777
53779
53780
53781
53782
53783
53784
53812
53836
53837
53838
53839
53840
53841
53842
53846
53847
53848
53895
53898
53899
53900
53901
53902
53903
53904
53905
53936
53937
53938
53939
53942
54020
3.0.1.8874
53042
54213
54218
54220
54221
54222
56519
3.1.0.9767
57425
57427
58868
58871
60350
60354
60355
60356
60357
60365
60366
60367
60396
60403
60405
60893
62213
62409
62410
63732
3.3.5.12340
66658
66659
66660
66662
66663
66664
67025
4.0.1.12911
78866
80237
80243
80244
80245
80246
80247
80248
80250
80251
80269
80477
80478
80479
80480
80481
80482
80484
80486
80487
80488
80490
80491
80492
80493
80494
80495
80496
80497
80498
80508
80719
80720
80721
80723
80724
80725
80726
80731
85621
4.3.4.15595
92643
92688
93328
93935
94162
96252
96253
96254
101823
101824
101825
101826
101827
101828
5.0.3.15890
105206
110955
114751
114752
114753
114754
114755
114756
114757
114758
114759
114760
114761
114762
114763
114764
114765
114766
114767
114769
114770
114771
114772
114773
114774
114775
114776
114777
114778
114779
114780
114781
114782
114783
114784
114786
130326
6.0.1.18179
136197
156560
156561
156562
156563
156564
156565
156566
156567
156568
156569
156570
156571
156572
156573
156574
156575
156576
156577
156578
156579
156580
156581
156582
156583
156584
156585
156586
156587
156588
156589
156590
156591
156592
156593
156606
7.3.0.24473
162403
168042
175853
175865
175866
175867
175868
175869
175880
181625
181627
181628
181629
181630
181631
181632
181633
181634
181635
181636
181637
181643
181647
181648
181649
181650
188297
188299
188300
188301
188302
188303
188304
188305
188306
188307
188308
188309
188310
188311
188312
188313
188314
188315
188316
188317
188318
188319
188320
188321
188322
188323
188324
188325
188326
188327
188328
188329
188330
188331
188332
188333
188334
188335
188336
188337
188338
188339
188340
188341
188342
188343
188344
188345
188346
188347
188348
188349
188350
188351
188674
188676
188800
188801
188802
195095
213248
213249
213250
213251
213252
213253
213254
213255
213256
213257
229217
229218
229220
247619
247620
247622
247688
247690
247691
247694
247695
247696
247701
7.3.0.24500
251646
251651
251658
251660
251661
251662
8.0.1.25902
251305
251306
251309
251310
251311
251314
251808
251822
251824
251832
252334
252335
252336
252337
252339
252340
252341
252342
252343
252344
252345
252346
252348
252349
252350
252351
252352
252353
252354
252355
252356
252357
252358
252359
252361
252362
252363
252365
252366
252367
252368
252369
252370
252373
252374
252375
252376
252377
252378
252379
252380
252381
252382
252383
252384
252385
252386
252387
252388
252389
252390
252391
252392
252393
252394
252395
252396
252397
252398
252399
252400
252401
252402
260403
264211
264213
264220
264243
264245
264247
264250
264255
8.0.1.25976
265787
8.0.1.26367
7934
7935
23787
172540
172541
172542
221690
8.0.1.26567
276975
276976
276977
8.0.1.26624
278420
279159
279160
279161
279162
279163
279164
279165
279166
279167
279168
279169
279170
8.1.0.27985
286547
286630
286921
286922
286923
8.1.0.28048
287234
287288
287447
287448
287449
8.1.0.28616
291084
291085
291086
8.1.5.28938
288176
288182
8.2.0.30080
298726
298727
298728
298729
298730
298731
298734
298735
298736
298737
298738
298740
298741
298742
298743
298744
298745
298746
298747
298748
298749
298750
298751
298752
298842
298843
298845
298846
298847
298848
298850
298851
298852
298853
298854
298855
298862
298863
298864
298995
298996
298997
300749
300750
300751
300752
300753
300754
8.2.0.30168
301310
301311
301312
8.3.0.32044
305992
305993
305994
307172
9.0.1.33978
256133
256134
261423
261424
295084
301578
301683
307087
307093
307094
307095
307096
307097
307098
307100
307101
307103
307105
307106
307107
307108
307109
307110
307111
307112
307118
307119
307120
307121
307122
307123
307124
307125
307142
307143
307144
307145
307146
307147
307148
307149
307200
307381
307382
307383
307384
309822
322301
9.0.1.34714
334413
9.0.1.35167
338190
338191
338192
338194
338195
338196
338198
338199
338200
338202
338203
338204
9.0.1.35598
342887
9.0.1.35679
343675
343676
343677
343678
343679
9.0.1.35755
344316
9.1.0.38394
354860
354880
354881
354882
354884
354885
9.2.0.41089
359666
359673
359870
360014
360318
10.0.0.44649
366261
370438
370453
370456
370457
370460
370462
370463
370465
370472
370473
370476
370478
370483
370504
370521
370524
370525
370528
370533
370536
370539
370543
370547
370551
370554
370556
370558
370561
370563
370668
370672
370673
370676
370677
370707
370708
370710
370711
370714
370715
370717
370722
370723
370724
370725
370728
370729
370730
370731
370732
370733
370734
370735
370738
370739
370743
370745
370746
370747
370748
370771
371635
377978
381270
382571
10.0.0.45232
389190
10.0.7.47910
400270
10.1.0.48480
405832
405847
405879
406106
