0.5.3.3368
7411
7412
7413
7418
7420
7421
7426
7428
7434
7439
7443
7448
7451
7454
7457
7745
7748
7766
7769
7771
7776
7779
7782
7786
7788
7793
7795
7853
7855
7857
7859
7861
7863
7865
7867
0.9.0.3807
13262
13378
13380
13419
13421
13464
13485
13501
13503
13522
13529
13536
13538
13607
13612
13617
13620
13622
13626
13628
13631
13635
13637
13640
13642
13644
13646
13648
13653
13655
13657
13659
13661
13663
13687
13689
13693
13695
13698
13700
13702
13746
13794
13815
13817
13822
13836
13841
13846
13858
13868
13882
13887
13890
13898
13905
13915
13917
13920
13931
13933
13935
13937
13939
13941
13943
13945
13947
13948
14293
14807
14809
14810
15596
1.0.0.3980
17180
17181
1.1.2.4125
20008
20009
20010
20011
20012
20013
20014
20015
20016
20017
20020
20023
20024
20025
20026
20028
20029
20030
20031
20032
20033
20034
20035
20036
20051
1.13.0.28211
21931
22434
22749
22750
23799
23800
23801
23802
23803
23804
25072
25073
25074
25078
25079
25080
25081
25082
25083
25084
25086
25124
25125
25126
25127
25128
25129
25130
27837
2.0.0.6080
27899
27905
27906
27911
27913
27914
27917
27920
27924
27926
27927
27944
27945
27946
27947
27948
27950
27951
27954
27957
27958
27960
27961
27962
27967
27968
27971
27972
27975
27977
27981
27982
27984
28003
28004
28016
28019
28021
28022
28027
28028
28029
32664
32665
32667
33990
33991
33992
33993
33994
33995
33996
33997
33999
34001
34002
34003
34004
34005
34006
34007
34008
34009
34010
2.4.3.8606
42613
42615
42620
42974
44383
45765
46578
46594
47051
3.0.1.8303
44483
44484
44488
44489
44492
44494
44496
44497
44500
44506
44508
44509
44510
44513
44515
44516
44524
44528
44529
44555
44556
44558
44575
44576
44582
44584
44588
44589
44590
44591
44592
44593
44595
44596
44597
44598
44612
44613
44616
44621
44623
44625
44629
44630
44631
44632
44633
44634
44635
44636
44637
44638
44645
47672
47898
47899
47901
47903
47908
3.0.1.8622
51313
3.0.1.8874
47766
3.1.0.9767
47900
59619
59621
59625
59636
60606
60609
60616
60619
60621
60623
60653
60663
60668
60691
60692
60707
60714
60763
60767
62256
62257
62948
62959
63746
64441
64579
3.3.5.12340
69412
71692
4.0.1.12911
74132
74189
74191
74192
74193
74195
74197
74198
74199
74200
74201
74202
74207
74211
74212
74213
74214
74215
74216
74217
74218
74220
74223
74225
74226
74229
74230
74231
74232
74234
74235
74236
74237
74238
74239
74240
74242
74244
74246
74247
74248
74250
74251
74252
74253
74254
74255
74256
74258
4.3.4.15595
92370
93841
93843
95471
96261
96262
96264
104698
5.0.3.15890
103461
103462
103463
103465
104338
104385
104389
104390
104391
104392
104393
104395
104397
104398
104401
104403
104404
104407
104408
104409
104414
104416
104417
104419
104420
104425
104427
104430
104434
104440
104442
104445
110400
110955
116497
116498
116499
118237
118238
118239
130758
6.0.1.18179
10000
158144
158716
158877
158878
158879
158880
158881
158882
158884
158885
158886
158887
158889
158890
158891
158892
158893
158894
158895
158896
158897
158899
158900
158901
158902
158903
158904
158905
158907
158908
158909
158910
158911
158912
158914
158915
158916
158917
158918
158919
7.3.0.24473
159235
159236
159671
159672
159673
159674
162948
169091
169092
173323
173716
173717
173718
173719
173720
173721
173722
173723
173724
173725
173726
173727
173728
173729
173730
173731
173732
174979
175070
175071
175072
175074
175076
175078
175085
175086
177043
177355
178241
181870
182129
190866
190867
190868
190869
190870
190871
190872
190873
190874
190875
190876
190877
190878
190879
190892
190893
190894
190954
190988
190989
190990
190991
190992
190993
190994
190995
190996
190997
190998
190999
191000
191001
191002
191003
191004
191005
191006
191007
191008
191009
191010
191011
191012
191013
191014
191015
191016
191017
191018
191019
191020
191021
191022
191023
191024
191025
191074
191075
191076
191078
195096
209507
209509
217637
217641
217644
217645
217649
217650
217651
217655
224199
228402
228403
228404
228405
228406
228407
228408
228409
228410
235695
235696
235697
235698
235699
235700
235701
235702
235703
235704
235705
235706
7.3.0.24539
252106
8.0.1.25902
255035
255040
255065
255066
255068
255070
255071
255072
255073
255074
255075
255076
255077
255078
255086
255087
255088
255089
255090
255091
255092
255093
255094
255095
255096
255097
255098
255099
255100
255101
255103
255104
255105
255106
255107
255108
255110
255111
255112
255129
255130
255131
255141
255142
255143
264455
264460
264462
264464
264467
264469
264471
264473
8.0.1.25976
265805
8.0.1.26095
267458
267482
267486
267490
267495
267498
8.0.1.26175
268852
268878
268879
268894
268895
268897
268901
268902
268903
268907
268908
268909
268913
268914
268915
8.0.1.26231
265105
265106
265107
265108
265109
265110
265111
265112
269715
269716
269719
269720
269721
269722
8.0.1.26287
271366
271433
8.0.1.26624
278418
8.1.0.27826
282851
282855
282857
285644
8.1.0.27985
286644
286665
286666
8.1.0.28048
287270
8.1.0.28366
290360
290361
8.1.5.28938
284415
287494
8.2.0.30080
294781
294782
294783
297989
297991
297993
297994
297995
297999
298001
298002
298009
298010
298011
298016
298433
298437
298438
298439
298440
298441
298442
298515
300381
300382
300769
300770
300788
300789
8.2.0.30168
301412
8.2.0.30329
302690
302691
302692
302693
302694
302695
8.3.0.32044
305936
305937
305938
9.0.1.33978
309524
309525
309526
309528
309530
309531
309532
309534
309535
309608
309609
309610
309612
309613
309614
309615
309616
309617
309618
309619
309620
309621
309622
309623
309627
309628
309629
309630
309631
309632
309633
309634
309635
309636
309637
309638
309644
309645
309832
323609
323755
323760
323761
323762
324750
324773
9.0.1.35167
338119
338121
338123
338125
9.0.1.35522
342316
9.0.1.35679
343680
343681
343682
343683
343684
9.0.2.36165
346026
9.1.0.38511
355184
9.2.0.41089
360007
360013
10.0.0.44649
366255
377982
382580
10.0.0.44707
383736
10.0.0.45141
388930
10.0.0.45232
389135
389136
389151
389191
389292
389293
389294
389295
389297
389298
389300
389301
389303
389304
389397
389398
389400
389403
389404
389405
389410
389416
389417
389419
389479
389480
389484
389508
389513
389519
389525
389530
389537
389540
389542
389543
389546
389547
389549
389550
389551
389558
10.0.0.45335
390823
390825
390831
390839
390855
390951
391176
391179
391185
391196
391197
391200
391202
391302
391304
10.0.0.45454
391813
391814
391815
391816
392407
10.0.0.45570
392888
10.0.0.45661
391806
391807
391808
391809
391810
391811
391812
394189
10.0.7.47910
400809
402139
10.1.0.48480
404859
405076
405650
405803
405937
406108
406413
406418
10.1.5.49719
416684
416685
416686
