2.0.0.6080
25229
25230
25255
25278
25280
25283
25284
25287
25305
25317
25318
25320
25321
25323
25339
25490
25493
25498
25610
25612
25613
25614
25615
25617
25618
25619
25620
25621
25622
26872
26873
26874
26875
26876
26878
26880
26881
26882
26883
26885
26887
26896
26897
26900
26902
26903
26906
26907
26908
26909
26910
26911
26912
26914
26915
26916
26918
26920
26925
26926
26927
26928
28894
28895
28897
28903
28905
28906
28907
28910
28912
28914
28915
28916
28917
28918
28924
28925
28927
28933
28936
28938
28944
28947
28948
28950
28953
28955
28957
31048
31049
31050
31051
31052
31053
31054
31055
31056
31057
31058
31060
31061
31062
31063
31064
31065
31066
31067
31068
31070
31071
31072
31076
31077
31078
31079
31080
31081
31082
31083
31084
31085
31087
31088
31089
31090
31091
31092
31094
31095
31096
31097
31098
31099
31100
31101
31102
31103
31104
31105
31106
31107
31108
31109
31110
31111
31112
31113
31149
31252
32178
32179
32259
32801
32807
32808
32809
32810
32866
32867
32868
32869
32870
32871
32872
32873
32874
34069
34590
34955
34959
34960
34961
2.4.3.8606
36523
36524
36525
36526
37818
37855
38068
38175
38503
38504
39451
39452
39455
39458
39462
39463
39466
39467
39470
39471
39705
39706
39710
39711
39712
39713
39714
39715
39716
39717
39718
39719
39720
39721
39722
39723
39724
39725
39727
39728
39729
39730
39731
39732
39733
39734
39735
39736
39737
39738
39739
39740
39741
39742
39961
39963
40514
41414
41415
41418
41420
41429
42558
42588
42589
42590
42591
42592
42593
43493
44794
46122
46123
46124
46125
46126
46127
46403
46404
46405
46597
46601
46775
46776
46777
46778
46779
46803
47053
47054
47055
47056
47280
48789
3.0.1.8622
51311
53830
53831
53832
53834
53835
53843
53844
53845
53852
53853
53854
53855
53856
53857
53859
53860
53861
53862
53863
53864
53865
53866
53867
53868
53869
53870
53871
53872
53873
53874
53875
53876
53877
53878
53879
53880
53881
53882
53883
53884
53885
53886
53887
53888
53889
53890
53891
53892
53893
53894
53916
53917
53918
53919
53920
53921
53922
53923
53924
53925
53926
53927
53928
53929
53930
53931
53932
53933
53934
53940
53941
53943
53945
53946
53947
53948
53949
53950
53951
53952
53953
53954
53955
53956
53957
53958
53959
53960
53961
53962
53963
53964
53965
53966
53967
53968
53969
53970
53971
53972
53973
53974
53975
53976
53977
53978
53979
53980
53981
53982
53983
53984
53985
53986
53987
53988
53989
53990
53991
53992
53993
53994
53995
53996
53997
53998
54000
54001
54002
54003
54004
54005
54006
54007
54008
54009
54010
54011
54012
54013
54014
54017
54019
54023
3.0.1.8874
55384
55386
55387
55388
55389
55390
55392
55393
55394
55395
55396
55397
55398
55399
55400
55401
55402
55403
55404
55405
55407
55534
56049
56052
56053
56054
56055
56056
56074
56076
56077
56079
56081
56083
56084
56085
56086
56087
56088
56089
56193
56194
56195
56196
56197
56199
56201
56202
56203
56205
56206
56208
56496
56497
56498
56499
56500
56501
56530
56531
3.1.0.9767
58141
58142
58143
58144
58145
58146
58147
58148
58149
58150
58492
58507
58954
59759
62242
62941
63743
64725
64726
64727
64728
3.3.5.12340
66338
66428
66429
66430
66431
66432
66433
66434
66435
66436
66437
66438
66439
66440
66441
66442
66443
66444
66445
66446
66447
66448
66449
66450
66451
66452
66453
66497
66498
66499
66500
66501
66502
66503
66504
66505
66506
66553
66554
66555
66556
66557
66558
66559
66560
66561
66562
66563
66564
66565
66566
66567
66568
66569
66570
66571
66572
66573
66574
66575
66576
66577
66578
66579
66580
66581
66582
66583
66584
66585
66586
66587
68253
4.0.1.12911
73222
73223
73224
73225
73226
73227
73228
73229
73230
73231
73232
73233
73234
73239
73240
73241
73242
73243
73244
73245
73246
73247
73248
73249
73250
73258
73259
73260
73262
73263
73264
73265
73266
73267
73268
73269
73270
73271
73272
73273
73274
73275
73276
73277
73278
73279
73280
73281
73318
73335
73336
73337
73338
73339
73340
73341
73343
73344
73345
73346
73347
73348
73349
73350
73351
73352
73353
73354
73355
73356
73357
73358
73359
73360
73361
73362
73364
73365
73366
73367
73368
73369
73370
73371
73372
73373
73374
73375
73376
73377
73378
73379
73380
73381
73382
73383
73384
73396
73397
73398
73399
73400
73401
73402
73403
73404
73405
73406
73407
73408
73409
73464
73465
73466
73467
73468
73469
73470
73471
73472
73473
73474
73475
73476
73478
73620
73621
73622
73623
73624
73625
73626
73627
73639
73640
73641
73642
73643
4.3.4.15595
73494
73495
73496
73497
73498
73502
73503
73504
73505
73506
73520
73521
95754
95755
95756
96226
96255
96256
96257
98921
99539
99540
99541
99542
99543
99544
101735
101740
101741
101742
101743
101744
101745
101746
101747
101748
101749
101750
101751
101752
101753
101754
101755
101756
101757
101758
101759
101760
101761
101762
101763
101764
101765
101766
101767
101768
101769
101770
101771
101772
101773
101774
101775
101776
101777
101778
101779
101780
101781
101782
101783
101784
101785
101786
101787
101788
101789
101790
101791
101792
101793
101794
101795
101796
101797
101798
101799
101800
101801
101802
101803
101804
5.0.3.15890
106947
106948
106949
106950
106953
106954
106955
106956
106957
106958
106960
106961
106962
107598
107599
107600
107601
107602
107604
107605
107606
107607
107608
107609
107610
107611
107612
107613
107614
107615
107616
107617
107619
107620
107621
107622
107623
107624
107625
107626
107627
107628
107630
107631
107632
107633
107634
107635
107636
107637
107638
107639
107640
107641
107642
107643
107644
107645
107646
107647
107648
107649
107650
107651
107652
107653
107654
107655
107656
107657
107658
107659
107660
107661
107662
107663
107665
107666
107667
107693
107694
107695
107696
107697
107698
107699
107700
107701
107702
107703
107704
107705
107706
107707
107708
107709
107710
107711
107712
107713
107714
107715
107716
107717
107718
107719
107720
107721
107722
107723
107724
107725
107726
107727
107728
107729
107730
107731
107732
107733
107734
107735
107736
107737
107738
107739
107740
107742
107743
107744
107745
107746
107753
107754
107756
107757
107758
107759
107760
107762
107763
107764
107765
107766
107767
107768
110420
110955
120045
121841
121842
121843
121844
122661
122662
122663
122664
122665
122666
122667
122668
122669
122670
122671
122672
122673
122674
122675
122676
122677
122678
122679
122680
122681
122682
122683
122684
122685
130655
130656
130657
130658
6.0.1.18179
131593
131686
131688
131690
131691
131695
131759
131897
131898
136269
136270
136272
136273
136274
136275
140050
140060
158750
7.3.0.24473
170700
170701
170702
170704
170705
170706
170707
170708
170709
170710
170711
170712
170713
170714
170715
170716
170717
170718
170719
170720
170721
170723
170724
170725
170726
170727
170729
170730
170731
170732
170832
176087
182127
187493
187517
187634
187635
187636
187639
187640
195116
195848
195849
195850
195851
195852
195853
195854
195855
195856
195857
195858
195859
195860
195861
195862
195863
195864
195865
195866
195867
195868
195869
195870
195871
195872
195873
195874
195875
195876
195877
195878
195879
195880
195881
195882
195883
195902
195903
195904
195905
195906
195907
195908
195909
195910
195911
195912
195913
195914
195915
195916
195917
195918
195919
195920
195921
195922
195923
195924
195925
195926
195927
195928
195929
195930
195931
195932
195933
195934
195935
195936
195937
195938
195939
195940
195941
195942
195943
209603
209604
209605
209606
209607
209608
209609
209610
209611
225902
225904
247751
247754
247755
247756
247757
247758
247761
247762
247763
247764
247765
247766
247767
247771
247772
247773
247774
7.3.0.24608
248937
248938
248939
248940
8.0.1.25902
256255
256256
256257
256258
256259
256260
256510
256511
256512
256513
256514
256515
256516
256517
256518
256519
256520
256521
256612
256614
256623
256689
256690
256691
256692
256693
256694
256695
256696
256698
256699
256700
256701
256702
264532
264534
264537
264539
264542
264544
264546
264548
8.0.1.25976
265811
8.0.1.26231
269731
269732
269733
269734
269735
269736
8.0.1.26287
256253
256254
8.0.1.26310
272226
272227
272228
272230
8.0.1.26624
278419
8.1.0.27826
282343
282344
282345
8.1.0.27985
286651
8.1.0.28048
287272
8.1.0.28202
289105
289174
289175
289179
289180
289181
8.1.5.28938
256611
256613
256622
8.1.5.29352
256703
8.2.0.30080
294793
294794
294795
298794
298796
298797
298798
298799
298800
298801
299016
299017
299018
300619
300756
8.2.0.30168
301993
301994
8.2.0.30329
302698
302706
302707
302708
302710
302711
302712
8.3.0.32044
305168
305170
305171
305980
305981
305982
307219
9.0.1.33978
311859
311863
311864
311865
311866
311867
311868
311869
311870
311871
311880
311881
311882
311883
311884
311885
311886
311887
311902
311903
311904
311905
311906
311907
311908
311909
311931
311933
311934
311935
311936
311937
311938
311939
311948
311949
311950
311951
311952
311953
311967
325248
327920
327921
9.0.1.34490
332039
332040
332074
332075
9.0.1.34714
334548
9.0.1.35167
338238
338239
338240
338241
338242
338243
338244
338245
338246
338247
338248
338249
9.0.1.35256
338977
338978
9.0.2.35938
343693
343696
343697
9.1.0.38312
343694
343695
352443
9.1.0.38511
355187
355189
9.2.0.41089
359492
359663
359672
359701
360016
360317
10.0.0.44649
366250
374437
374438
374439
374440
374441
374442
374443
374444
374445
374446
374447
374448
374449
374450
374453
374454
374455
374456
374457
374458
374459
374460
374461
374462
374463
374465
374467
374468
374470
374472
374475
374477
374478
374480
374483
374484
374486
374488
374490
374493
374494
374495
374496
374497
374498
374499
374501
374502
374506
374508
374509
374510
374511
374512
374514
374516
374518
374522
374525
374528
374530
374531
374532
374537
374538
374540
374542
374543
374546
374547
374548
374549
374550
374551
374553
374627
375063
376233
376582
376878
377804
377915
377960
382584
382973
382975
382977
382978
382979
382980
382995
10.0.0.45232
389194
10.0.0.45454
391782
391784
10.0.0.45570
392697
10.0.2.45779
394621
10.0.2.46091
395696
10.0.7.47910
400812
403464
403483
10.0.7.47983
404740
405205
