5.0.3.15890
104298
104299
104300
104301
104302
104303
104304
104305
104306
104307
104308
104309
104310
104311
104312
124052
124053
124054
124694
125141
125142
125584
125586
125587
125588
125589
125594
125595
125596
125597
125598
125599
125600
125601
125602
125603
125889
125898
6.0.1.18179
126654
126655
145305
145307
145309
145310
145311
158883
158898
158913
161211
8.0.1.25902
258965
264160
264191
8.0.1.26734
280282
280671
8.0.1.26788
280732
280733
280734
9.0.1.33978
280732
280733
280734
10.0.0.44649
280732
280733
280734
383325
10.0.0.44707
383767
383770
383772
