4.0.1.12911
73979
78670
80451
86857
86864
86865
86866
88180
88181
88262
88907
88908
88909
88910
88929
88930
88961
89009
89012
89014
4.3.4.15595
74268
89693
89696
89701
89711
89717
89718
89719
89720
89721
89722
89890
89891
89893
89894
89895
89896
90410
90411
90412
90413
90415
90419
90420
90421
90423
90429
90432
90433
90451
90452
90453
90458
90464
90493
90504
90506
90509
90518
90519
90521
90553
90558
90581
90608
90609
90610
90611
90612
90614
90616
90617
90618
90619
90622
90720
90728
90730
90732
90734
90831
90832
90833
90843
90853
90860
90861
90864
90968
90974
90975
90983
90984
90987
90988
90997
91008
91012
91014
91084
91089
91132
91133
91170
91188
91191
91197
91209
91211
91214
91215
91219
91221
91223
91224
91225
91226
91227
91757
91761
91762
91766
91769
91773
91775
91779
91780
91782
91785
91790
91792
91793
92137
92139
92145
92148
92163
92168
92806
92807
92808
92809
92810
92811
92812
93440
93441
93442
93443
93444
98533
98556
98560
98569
98582
98588
5.0.3.15890
110393
113968
113971
113972
113973
113974
113975
113976
113977
113978
113979
113980
113981
113982
113983
113984
113985
113986
113987
113988
113989
113990
113991
113992
113993
6.0.1.18179
158762
7.3.0.24473
168290
168291
168292
168293
168294
168295
168296
168297
168298
168299
168300
168301
168302
168303
168304
168305
168306
168307
168308
168309
168310
168311
168312
168313
168314
168315
168316
168317
168318
168319
168320
168321
168322
168323
168324
168325
168326
168327
168328
168329
168330
168331
172459
172460
172466
195127
196470
196471
196472
196473
196474
196475
196476
196477
196478
196479
196480
196481
196482
196483
196484
8.0.1.26624
278910
