0.5.3.3368
3920
3930
3947
4036
4037
4038
6441
0.8.0.3734
12596
12621
12656
12719
12720
12722
12904
1.1.2.4125
19800
20219
20222
1.13.0.28211
4073
12749
13166
13258
19804
2.0.0.6080
30346
30350
30555
30561
30573
3.0.1.8303
49383
3.0.1.8622
51306
53280
3.0.1.8874
54998
54999
56273
56474
56475
3.1.0.9767
63765
63770
3.3.5.12340
67790
72952
72953
4.0.1.12911
82175
82177
82180
82201
82774
84344
84407
84422
84423
84433
84434
4.3.4.15595
82207
105518
5.0.3.15890
108789
109077
110403
110955
126731
6.0.1.18179
158739
161543
7.3.0.24473
195112
8.0.1.25902
255398
255399
255401
255402
255404
255405
255410
255411
255413
255414
255454
264475
264479
264481
264483
264485
264487
264492
8.0.1.25976
265807
8.0.1.26175
269126
269205
269208
9.0.1.33978
310480
310481
310482
310483
310488
310489
310491
310494
310513
310515
310527
310537
310542
9.0.1.35432
340534
10.0.7.47910
400810
10.1.0.48480
407005
407006
408052
408230




Missing in EngineeringItemDB.lua

0.5.3.3368
3918
3919
3920
3922
3923
3924
3925
3926
3928
3929
3930
3931
3932
3933
3934
3936
3937
3938
3939
3940
3941
3942
3944
3945
3946
3947
3949
3950
3952
3953
3954
3955
3956
3957
3958
3959
3960
3961
3962
3963
3965
3966
3967
3968
3969
3971
3972
3973
3977
3978
3979
4036
4037
4038
6441
6458
7430
0.5.5.3494
8243
8334
8339
0.6.0.3592
8895
9269
9271
9273
0.8.0.3734
12584
12585
12586
12587
12589
12590
12591
12594
12595
12596
12597
12599
12603
12607
12614
12615
12616
12617
12618
12619
12620
12621
12622
12624
12656
12715
12716
12717
12718
12719
12720
12722
12754
12755
12758
12759
12760
12895
12897
12899
12900
12902
12903
12904
12905
12906
12907
12908
0.9.0.3807
13240
15255
15628
1.1.2.4125
19567
19788
19790
19791
19792
19793
19794
19795
19796
19799
19800
19814
19815
19819
19825
19830
19831
19833
20219
20222
1.13.0.28211
4073
12749
13166
13258
19804
21940
22704
22793
22795
22797
23066
23067
23068
23069
23070
23071
23077
23079
23080
23081
23082
23486
23489
23507
24356
24357
26416
26417
26418
26420
26421
26422
26423
26424
26425
26426
26427
26428
26442
26443
28327
2.0.0.6080
30303
30304
30305
30306
30307
30308
30309
30310
30311
30312
30313
30314
30315
30316
30317
30318
30325
30329
30332
30334
30337
30341
30342
30343
30344
30346
30347
30348
30349
30350
30547
30548
30549
30551
30552
30555
30556
30558
30560
30561
30563
30565
30566
30568
30569
30570
30573
30574
30575
32814
2.4.3.8606
36954
36955
39895
39971
39973
40274
41307
41311
41312
41314
41315
41316
41317
41318
41319
41320
41321
43676
44155
44157
44391
46106
46107
46108
46109
46110
46111
46112
46113
46114
46115
46116
46697
3.0.1.8303
49383
3.0.1.8622
51306
53280
53281
3.0.1.8874
54353
54736
54793
54998
54999
55002
55016
55252
56273
56349
56459
56460
56461
56462
56463
56464
56465
56466
56467
56468
56469
56470
56471
56472
56473
56474
56475
56476
56477
56478
56479
56480
56481
56483
56484
56486
56487
56514
56574
3.1.0.9767
60866
60867
60874
61471
61481
61482
61483
62271
63750
63765
63770
3.3.5.12340
67326
67790
67839
67920
68067
72952
72953
4.0.1.12911
81714
81715
81716
81720
81722
81724
81725
82175
82177
82180
82200
82201
82774
84344
84403
84406
84407
84408
84409
84410
84411
84412
84413
84415
84416
84417
84418
84420
84421
84422
84423
84425
84427
84428
84429
84430
84431
84432
84433
84434
4.3.4.15595
82207
84424
94748
95703
95705
95707
100587
100687
105518
5.0.3.15890
108789
109077
109099
110403
110955
126392
126731
127113
127114
127115
127116
127117
127118
127119
127120
127121
127122
127123
127124
127127
127128
127129
127130
127131
127132
127134
127135
127136
127137
127138
127139
128260
128261
128262
6.0.1.18179
131211
131212
131213
131214
131215
131216
131217
131218
131256
131258
131353
131563
139176
139192
139196
139197
143714
158739
161543
7.3.0.24473
162195
162196
162197
162198
162199
162202
162203
162204
162205
162206
162207
162208
162209
162210
162214
162216
162217
162218
169076
169078
169080
169140
171072
171073
171074
173289
173308
173309
176732
177054
177363
178242
182120
187496
187497
187520
187521
195112
198939
198965
198966
198967
198968
198969
198970
198971
198972
198973
198974
198975
198976
198977
198978
198979
198980
198981
198982
198983
198984
198985
198987
198988
198989
198990
198991
198992
198993
198994
198995
198996
198997
198998
198999
199000
199001
199002
199003
199004
199005
199006
199007
199008
199009
199010
199011
199012
199013
199014
199015
199016
199017
199018
200466
209501
209502
209645
209646
235753
235754
235755
235756
235775
247717
247744
8.0.1.25902
255392
255393
255394
255395
255396
255397
255398
255399
255400
255401
255402
255403
255404
255405
255406
255407
255408
255409
255410
255411
255412
255413
255414
255415
255454
255457
255458
255459
256070
256071
256072
256073
256074
256075
256080
256082
256084
256132
256133
256134
256154
256155
256156
264475
264479
264481
264483
264485
264487
264490
264492
8.0.1.25976
253122
253150
253151
253152
264960
264961
264962
264964
264966
264967
265097
265098
265099
265100
265101
265102
265807
8.0.1.26175
269126
269205
269208
8.0.1.26231
269724
269725
269726
269727
269728
269729
8.0.1.26310
272056
272057
272058
272059
272060
272061
272062
272063
272064
272065
272066
272067
8.0.1.26476
274621
8.0.1.26624
255936
255940
269123
278411
278413
8.0.1.26871
280732
280733
280734
8.1.0.27826
282806
282807
282808
282809
282810
282811
283914
283915
283916
8.1.0.27934
286478
8.1.0.27985
286647
286864
286865
286866
286867
286868
286869
286870
286871
286872
286873
286874
286875
8.1.0.28048
287279
8.1.0.28616
291089
291090
291091
291092
291093
291094
291095
291096
8.1.5.28938
282975
8.1.5.29220
283399
283401
283403
8.2.0.30080
294784
294785
294786
294787
294788
294789
298255
298256
298257
298930
299004
299005
299006
299007
299008
299009
299010
299011
299012
299013
299014
299015
299105
299106
8.3.0.32044
305858
305859
305860
305861
305862
305863
305940
305941
305942
305943
305944
305945
305946
305947
305948
305949
305950
305951
307220
9.0.1.33978
310480
310481
310482
310483
310484
310485
310486
310488
310489
310490
310491
310492
310493
310494
310495
310496
310497
310501
310504
310507
310509
310513
310515
310522
310524
310525
310526
310527
310533
310534
310535
310536
310537
310542
9.0.1.34278
331007
9.0.1.35167
338119
338210
338212
338213
338214
338216
338217
338218
338219
338220
338222
338223
9.0.1.35432
340534
9.0.1.35598
343099
343100
343102
343103
9.0.1.35679
343661
9.0.2.35938
345179
9.2.0.41089
359664
359674
360088
360126
10.0.7.47910
400810
10.1.0.48480
407005
407006
408052
408230
