0.5.3.3368
2575
2576
2577
2578
2579
2580
2656
3564
0.5.5.3494
8296
8388
0.7.0.3694
10248
0.8.0.3734
12680
12681
12682
12687
12689
12690
12691
2.0.0.6080
29354
32606
3.0.1.8303
49253
49254
49255
49260
3.0.1.8622
50310
53040
53120
53121
53122
53123
53124
53417
4.0.1.12911
74496
74517
5.0.3.15890
102161
102163
110955
6.0.1.18179
158754
7.3.0.24473
195122
8.0.1.25976
265837
265839
265841
265843
265845
265847
265849
265851
265853
9.0.1.33978
308130
308131
308150
308151
308152
308153
309835
10.0.0.44707
384688
384690
384693
10.0.0.45232
389406
389409
389413
389420
389458
389459
389460
389461
389462
389463
389464
389465
10.0.5.47871
388213




Missing in MiningItemDB.lua

0.5.3.3368
2575
2576
2577
2578
2579
2580
2656
2657
2658
2659
3304
3307
3308
3564
3569
0.5.5.3494
8296
8388
0.7.0.3694
10097
10098
10248
0.8.0.3734
12680
12681
12682
12687
12689
12690
12691
0.9.0.3807
14891
1.0.0.3980
16153
1.13.0.28211
22967
2.0.0.6080
29354
29356
29358
29359
29360
29361
29686
32606
2.4.3.8606
35750
35751
46353
3.0.1.8303
49252
49253
49254
49255
49258
49260
3.0.1.8622
50310
53040
53120
53121
53122
53123
53124
53417
3.0.1.8874
55208
55211
3.3.5.12340
70524
4.0.1.12911
74496
74517
74529
74530
74537
84038
5.0.3.15890
102161
102163
102165
102167
110955
6.0.1.18179
158754
7.3.0.24473
184454
184456
184457
184484
184485
184486
184488
184489
184490
184492
184493
184494
184496
184497
184498
184500
184501
184502
184504
184505
191970
195122
247848
247849
247850
247851
247852
247853
8.0.1.25976
253333
253334
253335
253336
253337
253338
253339
253340
253341
253342
253343
253344
253345
253346
253347
265837
265839
265841
265843
265845
265847
265849
265851
265853
8.2.0.30080
296143
296144
296145
296147
296148
296149
9.0.1.33978
308130
308131
308150
308151
308152
308153
309835
10.0.5.47871
388213
