1.13.0.28211
73
137
242
259
260
352
406
462
490
497
534
548
612
614
615
618
620
636
807
810
811
814
820
839
856
934
946
988
989
1155
1156
1157
1158
1161
1162
1163
1277
1278
1279
1280
1288
1289
1290
1291
1292
1293
1294
1295
1296
1297
1298
1299
1300
1390
1397
1441
1443
1460
1461
1502
1531
1532
1533
1537
1538
1659
1660
1662
1663
1664
2000
2018
2019
2020
2058
2059
2358
2868
2971
2997
2999
3000
3023
3111
3241
3383
3384
3401
3403
3404
3405
3422
3423
3424
3425
3482
3515
3516
3529
3530
3531
3622
3623
3624
3885
3910
4299
4323
4541
4905
5101
5205
5207
5208
5209
5303
5304
5506
5512
5516
5520
5523
5530
5532
5628
5629
5630
5631
5632
5633
5635
5636
5637
5638
5639
5640
5641
5642
5643
5644
5645
5646
5647
5653
5654
5655
5656
5657
5658
5659
5660
5661
5662
5663
5664
5665
5666
5667
5668
5669
5670
5671
5673
5674
5675
5677
5678
5681
5682
5683
5684
5685
5686
5687
5688
5689
5690
5691
5692
5693
5694
5695
5696
5697
5698
5699
5700
5701
5702
5703
5704
5705
5706
5707
5708
5709
5710
5711
5712
6003
6165
6201
6202
6606
6702
6704
6706
6708
6710
6841
6843
7384
7487
7521
7522
7561
7637
7638
7639
7640
7641
7642
7643
7644
7645
7646
7648
7670
7681
7682
7741
7788
7789
7790
7869
7870
7871
7872
7873
7874
7875
7876
7904
8080
8123
8152
8154
8155
8156
8160
8161
8162
8230
8247
8248
8266
8268
8290
8291
8294
8295
8297
8299
8411
8444
8445
8459
8530
8617
8869
8973
9031
9065
9378
9411
9412
9413
9414
9556
1.13.2.30073
55296
1.13.5.34713
60860
60863
60864
60865
60866
60868
60870
1.13.6.36149
61547
1.13.7.37892
63769
1.14.1.40688
8571
65309
1.14.2.42065
65593
65597
65601
65602
65603
65604
65610
65616
1.14.3.42770
66145
66193
1.14.3.42926
66281
66286
66287
66288
66289
66290
66291
66292
66293
66294
66295
66317
66318
2.5.1.38043
8337
8339
8340
8344
9168
9306
9307
9308
9316
9347
9348
9350
9354
9379
9384
9432
9445
9460
9484
9485
9486
9497
9507
9532
9546
9547
9551
9552
9553
9554
9568
9577
9583
9591
9592
9593
9596
9597
9599
9613
9614
9615
9617
9618
9650
9651
9652
9653
9654
9655
9656
9657
9658
9659
9660
9661
9662
9679
9712
9713
9745
9754
9755
9757
9767
9768
9880
9881
9926
10080
10083
10181
10215
10217
10219
10244
10260
10292
10364
10376
10377
10378
10379
10383
10402
10404
10452
10453
10491
10529
10530
10532
10534
10535
10539
10591
10605
10616
10631
10638
10716
10743
10746
10779
10787
10789
10790
10844
10890
10931
10932
10933
10934
10999
11121
11125
11127
11197
11226
11335
11336
11337
11338
11339
11340
11341
11342
11353
11425
11435
11437
11438
11444
11445
11493
11577
11588
11589
11874
11974
12186
12187
12600
63448
63450
63546
63547
63767
63768
63770
63865
63866
2.5.1.38119
63978
2.5.1.38225
64028
64031
64032
64033
64034
64035
64036
64037
64038
64046
64047
64048
64049
64050
64051
64052
64053
64054
64062
64063
64064
64071
2.5.1.38285
64095
64128
64139
64140
64141
64142
64143
64144
2.5.1.38453
64217
2.5.1.38502
64275
2.5.1.38548
64319
2.5.1.39399
9298
10549
2.5.3.41402
65284
65285
65561
65562
3.4.0.43659
11189
11402
11461
11462
11463
11578
11579
11934
11992
11994
12001
12015
12018
12021
12023
12024
12025
12087
12108
12156
12162
12163
12313
12426
12445
12493
12586
12601
12602
12625
12626
12682
12731
12764
12765
12780
12825
12834
12835
12837
12881
12923
13123
13173
13210
13299
13303
13317
13378
13404
13405
13406
13407
13427
13428
13476
13478
13649
13914
13915
13916
13917
13990
13997
14032
14163
14164
14178
14179
14180
14181
14182
14183
14185
14186
14187
14200
14349
14350
14351
14409
14418
14419
14420
14421
14441
24216
24217
24218
24219
24220
24221
24222
24223
24224
24225
24226
24227
24426
24427
24508
24509
24746
24869
24870
24871
24872
24873
24874
24875
24876
24877
24878
24879
24880
25238
3.4.0.44729
70349
3.4.0.46158
66990
66991
70354
70356
70395
70396
70397
70398
70401
70411
70448
70449
70663
70664
70665
70666
70667
70668
70669
70670
70671
70672
70673
70674
70675
70676
70677
70678
70679
70680
70681
70682
70683
70684
70685
70686
70687
70688
70689
70690
70691
70692
70693
70694
70695
70696
70734
70735
70736
70737
70760
70761
70762
70764
70765
70855
70860
70861
70862
70863
70865
70868
70869
70870
70998
70999
71098
71099
71100
71101
71102
71103
71104
71105
71106
71107
71108
71109
71110
71111
71112
71113
71114
71115
71116
71117
71118
71119
71120
71121
71122
71123
71124
71125
71126
71127
71128
71129
71130
71131
71132
71133
71134
72433
3.4.1.48503
72522
72523
5.0.3.15890
13574
13608
13637
13802
13804
13894
13939
13941
13972
13978
13984
13993
13994
13996
14000
14002
14007
14008
14009
14010
14011
14012
14013
14015
14020
14025
14026
14027
14029
14097
14133
14137
14156
14298
14315
14317
14415
14425
14426
14427
14450
14451
24460
24462
24494
24526
24527
24530
24531
24544
24640
24696
24738
24739
24760
24766
24772
24778
24784
24860
24867
24900
24908
24909
24935
24962
24964
24967
24968
24969
24984
24985
24986
24987
25016
25076
25077
25078
25083
25096
25097
25101
25113
25114
25116
25119
25137
25138
25139
25140
25141
25142
25143
25144
25145
25146
25147
25148
25149
25150
25189
25225
25231
25302
25307
25313
25318
25322
25326
25327
25335
25376
25501
25508
25557
25604
25625
25789
25827
25828
25831
25833
25902
25903
26104
26109
26123
26151
26198
26200
26201
26204
26216
26217
26218
26231
26239
26242
26253
26262
26274
26392
26458
26460
26471
26559
26626
26675
26715
26716
26789
26790
26841
26847
26848
26849
26850
26851
26852
26853
26859
26877
26880
26891
26900
26904
26940
26945
26946
26947
26948
27020
27021
27022
27023
27027
27029
27052
27066
27067
27081
27137
27138
27149
27250
27543
27678
27723
27819
28016
28018
28020
28022
28095
28110
28371
28412
28585
28648
28739
28754
28835
28844
28851
28890
28891
28892
28893
28894
28895
28896
28897
28898
28899
28900
28901
28902
28903
28904
28936
28937
28938
28939
28940
28941
28942
29025
29041
29042
29043
29044
29045
29046
29047
29048
29049
29050
29055
29056
29057
29058
29059
29060
29062
29063
29064
29065
29070
29072
29076
29077
29097
29098
29099
29108
29140
29170
29171
29178
29180
29184
29187
29212
29216
29224
29256
29258
29259
29260
29266
29271
29277
29294
29372
29373
29441
29459
29460
29461
29473
29532
29533
29569
29671
29853
30119
30173
6.0.1.18179
32961
7.3.0.24473
8971
37042
37139
37200
37258
37267
37337
37519
37527
37529
37643
37846
37854
37929
37931
37936
37954
37971
38011
38012
38016
38027
38055
38056
38063
38064
38065
38066
38067
38068
38069
38070
38071
38072
38073
38074
38075
38076
38077
38078
38079
38080
38081
38082
38083
38084
38085
38086
38087
38088
38089
38090
38091
38092
38093
38094
38095
38096
38097
38098
38099
38100
38101
38102
38103
38104
38105
38106
38107
38108
38228
38230
38233
38319
38325
38326
38327
38328
38329
38330
38335
38336
38338
38340
38364
38373
38375
38385
38403
38409
38418
38429
38432
38450
38456
38464
38484
38492
38493
38497
38520
38553
38554
38555
38556
38590
38606
38625
38627
38630
38635
38636
38651
38652
38653
38706
38824
38835
38846
38848
38859
38875
38879
38880
38881
38883
38884
38891
38905
38908
38918
38920
38921
38942
38973
38984
38985
38986
38987
38988
38991
38998
38999
39008
39053
39064
39065
39091
39115
39139
39140
39141
39146
39148
39150
39194
39213
39215
39270
39281
39284
39291
39298
39319
39320
39715
39747
39754
39755
39760
39778
39779
39784
39797
39838
39839
39840
39841
39844
39845
39863
39888
39893
39894
39897
39898
39899
39901
39902
39908
39909
39911
39912
39913
39915
39917
39922
39924
40027
40098
40101
40128
40150
40226
40239
40271
40275
40281
40283
40284
40285
40286
40287
40289
40290
40291
40292
40294
40295
40309
40318
40387
40413
40421
40423
40501
40548
40549
40550
40551
40552
40554
40555
40563
40564
40566
40592
40648
40789
40799
40800
40802
40809
40826
40836
40887
40895
40899
40903
40926
40928
40948
40979
40981
40984
40999
41015
41017
41020
41046
41061
41088
41092
41130
41131
41132
41133
41236
41245
41247
41249
41325
41341
41348
41365
41401
41402
41403
41404
41417
41419
41429
41456
41476
41477
41543
41576
41577
41578
41581
41587
41588
41589
41592
41593
41594
41595
41683
41693
41698
41757
41758
41765
41827
41830
41843
41887
41894
41902
41912
41913
41923
41928
41962
41968
41969
41970
41971
41972
41973
41974
41975
41976
41977
42057
42059
42060
42066
42073
42095
42099
42109
42121
42122
42144
42152
42153
42155
42156
42161
42162
42163
42164
42180
42195
42196
42216
42217
42218
42219
42246
42247
42248
42249
42251
42252
42253
42254
42256
42257
42258
42259
42260
42261
42262
42263
42264
42298
42299
42300
42301
42302
42304
42305
42306
42307
42310
42311
42312
42313
42314
42315
42316
42317
42318
42319
42320
42321
42322
42324
42325
42326
42327
42335
42336
42337
42341
42342
42343
42344
42346
42347
42348
42349
42355
42356
42357
42358
42359
42441
42478
42600
42615
42621
42698
42700
42710
42715
42716
42717
42718
42720
42759
42760
42761
42793
42794
42923
42925
43278
43279
43280
43281
43308
43320
43321
43322
43326
43329
43330
43439
43482
43544
43602
43725
43727
43728
43739
43754
43757
43768
43770
43773
43779
43931
43997
43998
43999
44000
44001
44020
44068
44069
44123
44125
44126
44127
44128
44129
44130
44131
44132
44133
44141
44313
44314
44315
44316
44317
44318
44319
44320
44321
44322
44494
44648
44649
44703
44704
44705
44706
44755
44757
44774
44776
44778
44779
44804
44806
44824
44826
44848
44852
44855
44886
44887
44912
44942
44944
45029
45031
45077
45078
45100
45124
45129
45130
45131
45161
45164
45165
45170
45303
45309
45310
45315
45336
45338
45352
45371
45422
45517
45519
45521
45529
45546
45558
45606
45636
45745
45768
45775
45832
45860
45941
45976
45978
45979
45980
45981
45982
45983
45984
46033
46114
46118
46181
46289
46303
46306
46307
46706
46803
46806
46872
46873
46874
46875
46876
46877
46878
46879
46880
46881
46882
46883
46884
46885
46886
46887
46888
46889
46890
46891
46892
46893
46894
46895
46896
46897
46898
46899
46900
46901
46902
46903
46905
46906
46907
46908
46909
46910
46911
46912
46913
46914
46915
46916
46917
46918
46919
46920
46921
46922
46925
46934
46936
46937
47149
47187
47190
47192
47265
47417
47626
47655
47658
47842
47875
47876
47886
47893
48220
48457
7.3.5.25928
49760
49761
49762
49763
49764
10.0.0.44649
69556
10.0.5.47799
74441
10.1.0.48480
71053
72027
72411
72412
72413
72414
72415
72416
72417
72418
72419
72420
72421
72422
72454
72455
72457
72458
72459
72460
72461
72480
72513
72514
72515
72658
72664
72665
72666
72667
72668
72670
72674
72679
72831
72832
72833
72872
72873
72874
72878
72879
72880
72881
72882
72883
72884
72885
72886
72887
72908
72909
72910
72911
72912
72913
72914
72915
72916
72917
72918
72919
72920
72922
72923
72924
72925
72926
72927
72928
72929
72930
72931
72932
72957
72958
72959
72960
72961
72962
72963
72964
72965
72966
72970
72973
72974
72975
72976
72977
72978
72979
72980
72981
72986
72987
73036
73037
73038
73039
73040
73041
73042
73043
73044
73045
73046
73047
73077
73081
73085
73086
73090
73091
73092
73093
73099
73151
73188
73195
73221
73395
73408
73410
73548
73551
73552
73553
73695
73697
73698
73706
73707
73708
73709
73710
73711
73712
73713
73786
73787
73788
73789
73790
73791
73792
73793
73794
73795
73796
73797
73798
73799
73800
73801
73802
73803
73804
73805
73806
73807
73808
73809
73810
73811
73812
73813
73814
73815
73816
73817
73818
73820
73821
73822
73824
73825
73826
73827
73829
73830
73831
73832
73833
73834
73835
73836
73837
73838
73839
73840
73841
73842
73843
73844
73845
73846
73849
73850
73851
73852
73853
73854
73855
73856
73857
73960
74292
74334
74335
74375
74393
74438
74494
74501
74514
74515
74516
74517
74518
74519
74520
74522
74523
74524
74525
74526
74537
74538
74539
74540
74542
74557
74560
74562
74563
74564
74568
74569
74570
74571
74572
74573
74775
74783
74785
74786
74787
74797
74798
74799
74800
74801
74802
74803
74804
74805
74806
74807
74808
74809
74810
74811
74812
74813
74814
74815
74816
74817
74818
74819
74820
74821
74822
74823
74824
74825
74826
74827
74828
74829
74830
74831
74832
74833
74834
74839
74842
74857
74858
74859
74860
74861
74876
74877
74878
74879
74882
74889
74892
74893
74899
74904
74925
74939
74943
74944
74945
74948
74949
74950
74951
74952
74953
74954
74956
74958
74959
74960
74961
74962
74963
74964
74965
74966
74967
74968
74972
74975
74977
74985
74986
74987
74988
74989
74990
74991
74992
74995
75015
75017
75018
75019
75021
75022
75027
75028
75029
75030
75035
75042
75043
75058
75060
75061
75062
75063
75064
75067
75071
75119
75120
75121
75122
75123
75124
75126
75128
75137
75138
75139
75140
75141
75142
75143
75144
75145
75148
75149
75150
75151
75155
75157
75162
75168
75180
75181
75182
75183
75184
75186
75187
75188
75191
75192
75193
75194
75195
75196
75197
75198
75199
75200
75201
75203
75204
75205
75206
75207
75208
75209
75210
75213
75219
75220
75225
75226
75229
75230
75231
75232
75233
75234
75235
75239
75241
75242
75243
75256
75264
75266
75267
75268
75269
75270
75271
75273
75274
75275
75276
75279
75280
75282
75284
75285
75287
75291
75292
75295
75296
75297
75298
75302
75303
75304
75305
75306
75313
75314
75315
75316
75320
75321
75322
75323
75324
75325
75326
75327
75328
75329
75333
75334
75335
75336
75337
75338
75339
75340
75341
75342
75343
75344
75345
75346
75348
75349
75350
75352
75353
75354
75357
75358
75359
75360
75361
75362
75363
75364
75365
75366
75367
75368
75371
75372
75373
75374
75375
75376
75377
75382
75383
75384
75389
75390
75393
75397
75398
75407
75408
75415
75416
75417
75418
75419
75420
75421
75422
75423
75424
75425
75429
75430
75431
75433
75434
75435
75440
75442
75443
75445
75446
75447
75448
75450
75451
75452
75453
75454
75455
75456
75458
75459
75462
75467
75475
75476
75477
75495
75496
75497
75502
75506
75507
75508
75509
75510
75511
75514
75515
75516
75517
75524
75525
75526
75527
75528
75534
75535
75545
75546
75547
75548
75549
75550
75551
75552
75553
75554
75555
75556
75557
75558
75559
75560
75561
75562
75563
75564
75565
75566
75567
75569
75570
75571
75572
75573
75574
75575
75576
75577
75578
75579
75580
75581
75582
75583
75584
75585
75586
75587
75588
75589
75590
75591
75592
75593
75594
75595
75596
75597
75598
75599
75600
75601
75602
75606
75607
75608
75609
75613
75614
75615
75616
75617
75618
75619
75620
75621
10.1.0.48537
75156
75222
75370
75441
75471
75622
75627
75628
75629
75630
75631
75640
75641
75642
75643
75644
75645
75646
75647
75648
75649
75650
75651
75652
75653
75654
75658
75660
75661
75662
75663
75665
75666
75680
75694
10.1.0.48661
72405
72408
72409
72424
72426
72430
72431
72432
72445
72446
72449
72450
72451
72452
72453
72462
72463
72464
72465
72466
72467
72468
72469
72470
72471
72472
72473
72474
72475
72476
72477
72478
72479
72644
73177
73394
73396
73397
73549
73703
73705
74374
74415
74541
74581
74672
74677
74894
75265
75706
75707
75708
75710
75715
75716
75717
75718
75719
75720
75721
75722
75723
75724
75725
75726
75727
75728
75730
75731
75732
75733
75734
75735
75736
75737
75738
75739
75740
75741
75742
75743
75744
75745
75747
75748
75749
75750
75751
75752
75753
75754
75755
75756
75757
75758
75759
75760
75761
75762
75763
75764
75765
75766
75767
75768
75769
75770
75771
75772
75773
75774
75775
75814
75818
75819
75831
75832
75833
75834
75835
75836
75837
75838
75839
75840
75841
75842
75843
75844
75845
75846
75847
75848
75849
75850
75851
75852
75853
75854
75855
75856
75857
75858
75859
75860
75861
75862
75863
75864
75865
75866
75869
75870
75871
75872
75873
75875
75876
75878
75879
75880
75881
75882
75883
75884
75885
