9.0.1.33978
325284
325451
325452
325453
325454
325458
326379
326380
326406
326407
326408
326762
326903
327090
327091
9.0.1.34365
331403
331404
9.0.1.35167
337535
337540
337554
338037
338039
338040
338043
338046
338052
338057
338058
338059
338383
9.0.1.35432
341498
341500
341502
341504
9.0.1.35522
342417
342418
342421
9.0.1.35598
342447
342448
342454
342455
342468
342483
342782
342803
342841
342842
342843
342845
342846
342849
342850
342851
342895
342899
9.0.2.35854
342902
344095
344096
344097
344100
344101
344110
344765
344766
344769
344770
344796
344797
344798
9.0.2.36294
347024
