0.5.3.3368
2018
2660
2661
2662
2663
2664
2665
2666
2667
2668
2670
2671
2672
2673
2674
2675
2737
2738
2739
2740
2741
2742
3100
3115
3116
3117
3292
3293
3294
3295
3296
3297
3319
3320
3321
3323
3324
3325
3326
3328
3330
3331
3333
3334
3336
3337
3491
3492
3493
3494
3495
3496
3497
3498
3500
3501
3502
3503
3504
3505
3506
3507
3508
3511
3513
3515
3538
6470
6471
6517
6518
7221
7222
7223
7224
7408
7817
7818
0.5.5.3494
8366
8367
8368
0.6.0.3592
8768
8880
0.7.0.3694
9785
9787
9788
9811
9813
9814
9818
9820
9916
9918
9920
9921
9926
9928
9931
9933
9935
9937
9939
9942
9945
9950
9952
9954
9957
9959
9961
9964
9966
9968
9970
9972
9974
9979
9980
9983
9985
9986
9987
9993
9995
9997
10001
10003
10005
10007
10009
10011
10013
10015
11643
0.8.0.3734
12259
12260
0.9.0.3807
11454
14379
14380
15292
15293
15294
15295
15296
1.0.0.3980
15972
15973
16639
16640
16641
16642
16643
16644
16645
16646
16647
16648
16649
16650
16651
16652
16653
16654
16655
16656
16657
16658
16659
16660
16661
16662
16663
16664
16665
16667
16724
16725
16726
16728
16729
16730
16731
16732
16741
16742
16744
16745
16746
16960
16965
16967
16969
16970
16971
16973
16978
16980
16983
16984
16985
16986
16987
16988
16990
16991
16992
16993
16994
16995
17039
17040
17041
1.1.2.4125
19666
19667
19668
19669
20201
20872
20873
20874
20876
20890
20897
1.13.0.28211
21161
21913
22757
23628
23629
23632
23633
23636
23637
23638
23639
23650
23652
23653
24136
24137
24138
24139
24140
24141
24399
24912
24913
24914
27585
27586
27587
27588
27589
27590
27829
27830
27832
28242
28243
28244
28461
28462
28463
2.0.0.6080
29545
29547
29548
29549
29550
29551
29552
29553
29556
29557
29558
29565
29566
29568
29569
29571
29603
29605
29606
29608
29610
29611
29613
29614
29615
29616
29617
29619
29620
29621
29622
29628
29629
29630
29642
29643
29645
29648
29649
29654
29656
29657
29658
29662
29663
29664
29668
29669
29671
29672
29692
29693
29694
29695
29696
29697
29698
29699
29700
29728
29729
29844
32284
32285
32655
32656
32657
34529
34530
34533
34534
34535
34537
34538
34540
34541
34542
34543
34544
34545
34546
34547
34548
34607
34608
34979
34981
34982
34983
2.4.3.8606
36122
36124
36125
36126
36128
36129
36130
36131
36133
36134
36135
36136
36137
36256
36257
36258
36259
36260
36261
36262
36263
36389
36390
36391
36392
38473
38475
38476
38477
38478
38479
40033
40034
40035
40036
41132
41133
41134
41135
42662
42688
43549
43846
46140
46141
46142
46144
3.0.1.8622
50465
51300
52567
52568
52569
52570
52571
52572
3.0.1.8874
54550
54551
54552
54553
54554
54555
54556
54557
54917
54918
54941
54944
54945
54946
54947
54948
54949
54978
54979
54980
54981
55013
55014
55015
55017
55055
55056
55057
55058
55174
55177
55179
55181
55182
55183
55184
55185
55186
55187
55200
55201
55202
55203
55204
55206
55298
55300
55301
55302
55303
55304
55305
55306
55307
55308
55309
55310
55311
55312
55369
55370
55371
55372
55373
55374
55375
55376
55377
55628
55641
55656
55730
55732
55834
55835
55839
56234
56280
56357
56400
56549
56550
56551
56552
56553
56554
56555
56556
3.1.0.9767
59405
59406
59436
59438
59440
59441
59442
61008
61009
61010
62202
63182
63187
63188
63189
63190
63191
63192
3.3.5.12340
67091
67092
67093
67094
67095
67096
67130
67131
67132
67133
67134
67135
70562
70563
70565
70566
70567
70568
4.0.1.12911
76178
76179
76180
76181
76182
76258
76259
76260
76261
76262
76263
76264
76265
76266
76267
76269
76270
76280
76281
76283
76285
76286
76287
76288
76289
76291
76293
76433
76434
76435
76436
76437
76438
76439
76440
76441
76442
76443
76444
76445
76446
76447
76448
76449
76450
76451
76452
76453
76454
76455
76456
76457
76458
76459
76461
76462
76463
76464
76465
76466
76467
76468
76469
76470
76471
76472
76474
76666
85531
4.3.4.15595
92375
94718
94732
99439
99440
99441
99452
99453
99454
99652
99653
99654
99655
99656
99657
99658
99660
101924
101925
101928
101929
101931
101932
5.0.3.15890
110396
110955
113263
114112
122568
122569
122570
122571
122572
122573
122574
122575
122576
122577
122578
122579
122580
122581
122582
122583
122584
122585
122586
122587
122588
122589
122590
122591
122592
122593
122594
122595
122596
122597
122598
122599
122600
122601
122602
122603
122604
122605
122606
122607
122608
122609
122610
122611
122612
122613
122614
122615
122616
122617
122618
122619
122620
122621
122622
122623
122624
122625
122626
122627
122628
122629
122630
122631
122632
122633
122635
122636
122637
122638
122639
122640
122641
122642
122643
122644
122645
122646
122647
122648
122649
122650
122651
122652
122653
122654
126850
126851
126852
126853
126854
126855
126864
126866
126867
126869
6.0.1.18179
131928
131929
137766
137767
137768
137769
137770
137771
137772
137773
137774
137775
137776
137777
137778
137779
137780
137781
137782
137783
137784
137785
137786
137787
137788
137789
137790
137791
137792
137793
137794
137795
137796
137797
138646
138876
138877
138878
138879
138880
138881
138882
138883
138884
138885
138886
138887
138888
138889
138890
138891
138892
138893
139745
139746
139747
139748
139749
139750
139751
139753
139754
139755
139756
139757
139759
139760
139761
139762
139763
139764
140165
140166
140167
140168
140841
140842
140843
140844
140845
140846
142954
142958
142959
142963
142967
142968
143163
143164
143165
143166
143167
143168
143169
143170
143171
143172
143173
143174
143175
143176
143177
143178
143179
143180
143181
143182
143183
143184
143185
143186
143187
143188
143189
143190
143191
143192
143193
143194
143195
143196
143197
143255
146921
153605
153606
153607
153608
153609
153610
153611
153612
153627
153628
153629
153630
153631
153643
153644
153645
153646
153647
153648
153649
153650
153651
153652
153653
153654
153655
153656
153657
153658
153659
153660
153661
153663
153664
153665
153666
153667
153668
153771
158737
7.3.0.24473
171652
171653
171690
171691
171692
171693
171694
171695
171696
171697
171698
171699
171700
171701
171702
171703
171704
171705
171706
171707
171708
171710
171718
173355
176090
177169
178243
178245
182116
182928
182929
182930
182931
182932
182933
182934
182935
182944
182945
182946
182947
182948
182949
182950
182951
182962
182963
182964
182965
182966
182967
182968
182969
182970
182971
182972
182973
182974
182975
182976
182977
182978
182979
182980
182981
182982
182983
182984
182985
182986
182987
182988
182989
182999
183278
183279
183280
183281
183283
183562
184181
184182
184183
184184
184185
184214
184215
184216
184217
184218
184219
184220
184308
184309
184310
184312
184313
184314
184315
184336
184337
184338
184339
184340
184341
184342
184343
184344
184345
184403
184404
184405
184407
184408
184442
187490
187491
187514
187515
191928
191929
191930
191931
195097
209496
209497
209498
209499
209564
213916
239415
247700
247710
247713
247714
248864
248867
248869
248870
8.0.1.25902
253110
253112
253113
253116
253117
253118
253119
253122
253125
253129
253132
253135
253138
253141
253144
253145
253148
253149
253150
253151
253152
253153
253154
253155
253156
253157
253158
253159
253160
253161
253162
253165
253168
253171
253174
253177
253180
253183
253186
253187
253188
253190
253191
253192
264434
264436
264438
264440
264442
264444
264446
264448
8.0.1.25976
265803
265937
265938
265939
8.0.1.26175
269064
269421
269422
269423
269424
269425
269426
269444
269446
269447
269448
269449
269450
269451
269452
269453
269458
269459
269460
269461
269462
269463
269464
269465
269466
269467
269468
269469
269470
269471
269472
269473
269474
269475
269476
269477
269478
269479
269480
269481
8.0.1.26624
256786
278131
278132
278133
278415
278416
278417
8.1.0.27826
282859
282860
282861
282862
282863
282864
282865
282866
282867
282868
282869
282870
282871
282872
282873
282876
282878
282879
282889
283237
283238
283239
283240
283241
283242
283243
283244
283245
283247
283248
283249
283250
283251
8.1.0.27985
285081
285082
285089
285090
285097
285098
286631
8.1.0.28048
286015
286016
287235
8.2.0.30080
294748
294749
294750
294751
294752
294753
294754
294755
294756
294757
294758
294759
294760
294761
294762
294763
294764
294765
294766
294767
294768
294769
294770
294771
294772
294773
294774
294775
294776
294777
294778
294779
294780
298998
298999
299000
299001
299002
299003
8.2.0.30168
301413
8.3.0.32044
304307
304308
304312
304314
304315
304317
304318
304320
304322
304323
304324
305838
305839
305840
305841
305842
305843
305844
305845
305846
305847
305848
305849
305850
305851
305852
305853
306078
306079
306080
306081
306082
306083
306084
306085
306086
306087
306310
306312
307221
9.0.1.33978
251824
255106
255107
255108
255149
280657
280659
307611
307648
307649
307650
307658
307663
307664
307665
307666
307667
307668
307669
307670
307671
307672
307674
307675
307676
307677
307678
307679
307680
307681
307682
307683
307684
307685
307686
307688
307689
307690
307691
307692
307694
307695
307696
307697
307699
307700
307701
307702
307703
307704
307705
307706
307707
307708
307709
307710
307711
307712
307717
307718
307719
307720
307721
309827
322587
322588
322589
322590
322591
322592
322593
322594
322595
322596
322597
322598
322599
322600
322601
322602
322603
322604
322605
322606
322607
322608
322609
322610
322611
322612
322613
322615
322616
322618
322619
322620
322621
322622
322623
322624
322625
322626
322627
322628
322629
322630
322631
322632
322633
322634
322635
322636
322637
322638
322639
322640
322641
322643
322644
322645
322646
9.0.1.34199
330134
330140
330141
330142
330143
330144
330145
330146
330147
330148
330149
330150
330151
330152
330153
330154
330155
330156
330157
330158
330159
330160
330161
330162
330163
330164
330165
330166
330167
330168
330169
330170
330171
330172
330173
330174
330175
330176
330177
330178
9.0.1.34490
332006
332007
332008
332009
332010
332011
332012
332013
332041
332042
332043
332044
332045
332046
332047
332048
9.0.1.35167
337374
337426
337427
337619
337621
337626
338088
338090
338091
338094
338095
338096
338097
9.0.1.35256
338968
338969
338970
338971
338972
338974
338975
338976
9.0.1.35598
343184
343185
343186
343188
9.0.1.35679
343662
9.1.0.38312
352439
9.2.0.41089
359665
359671
359700
10.0.0.44649
365677
365729
365730
365731
365734
365735
367585
367586
367587
367588
367589
367590
367591
367592
367593
367594
367595
367596
367597
367598
367599
367600
367601
367602
367603
367604
367605
367606
367607
367608
367609
367610
367611
367612
367613
367614
367615
367616
367617
367618
367619
367622
367623
367712
367713
367714
371302
371304
371309
371338
371343
371344
371349
371360
371364
371365
371366
371367
371368
371369
371371
371372
371374
371394
371395
371396
371403
371412
371650
371674
371682
376617
376618
376619
376620
376621
376622
376623
376624
376698
376700
377280
377281
377981
382579
10.0.0.44795
385304
10.0.0.45232
388279
10.0.0.45661
393404
393416
393853
10.0.2.46091
395879
395880
395881
395883
395886
10.0.5.47871
397853
397855
397856
397857
