3.0.1.8303
45357
45358
45359
45360
45361
45363
45381
45382
45383
48114
48116
48118
48121
48247
48248
3.0.1.8622
50598
50599
50600
50601
50602
50603
50604
50605
50606
50607
50608
50609
50610
50611
50612
50614
50616
50617
50618
50619
50620
51005
52175
52183
52738
52739
52840
52843
53462
3.1.0.9767
56943
56944
56945
56946
56947
56948
56949
56950
56951
56952
56953
56954
56955
56956
56957
56958
56959
56960
56961
56963
56965
56968
56971
56972
56973
56974
56975
56976
56977
56978
56979
56980
56981
56982
56983
56984
56985
56986
56987
56988
56989
56990
56991
56994
56995
56996
56997
56998
56999
57000
57001
57002
57003
57004
57005
57006
57007
57008
57009
57010
57011
57012
57013
57014
57019
57020
57021
57022
57023
57024
57025
57026
57027
57028
57029
57030
57031
57032
57033
57034
57035
57036
57112
57113
57114
57115
57116
57117
57119
57120
57121
57122
57123
57124
57125
57126
57127
57128
57129
57130
57131
57132
57133
57151
57152
57153
57154
57155
57156
57157
57158
57159
57160
57161
57162
57163
57164
57165
57166
57167
57168
57169
57170
57172
57181
57183
57184
57185
57186
57187
57188
57189
57190
57191
57192
57193
57194
57195
57196
57197
57198
57199
57200
57201
57202
57207
57208
57209
57210
57211
57212
57213
57214
57215
57216
57217
57218
57219
57220
57221
57222
57223
57224
57225
57226
57227
57228
57229
57230
57231
57232
57233
57234
57235
57236
57237
57238
57239
57240
57241
57242
57243
57244
57245
57246
57247
57248
57249
57250
57251
57252
57253
57257
57258
57259
57260
57261
57262
57263
57264
57265
57266
57267
57268
57269
57270
57271
57272
57273
57274
57275
57276
57277
57703
57704
57706
57707
57708
57709
57710
57711
57712
57713
57714
57715
57716
57719
58286
58287
58288
58289
58296
58297
58298
58299
58300
58301
58302
58303
58305
58306
58307
58308
58310
58311
58312
58313
58314
58315
58316
58317
58318
58319
58320
58321
58322
58323
58324
58325
58326
58327
58328
58329
58330
58331
58332
58333
58336
58337
58338
58339
58340
58341
58342
58343
58344
58345
58346
58347
58472
58473
58476
58478
58480
58481
58482
58483
58484
58485
58486
58487
58488
58489
58490
58491
58565
59315
59326
59338
59339
59340
59387
59475
59478
59480
59484
59486
59487
59488
59489
59490
59491
59493
59494
59495
59496
59497
59498
59499
59500
59501
59502
59503
59504
59559
59560
59561
60336
60337
61117
61118
61119
61120
61177
61288
61677
62162
64051
64053
64246
64247
64248
64249
64250
64251
64252
64253
64254
64255
64256
64257
64258
64259
64260
64261
64262
64266
64267
64268
64270
64271
64273
64274
64275
64276
64277
64278
64279
64280
64281
64282
64283
64284
64285
64286
64287
64288
64289
64291
64294
64295
64296
64297
64298
64299
64300
64301
64302
64303
64304
64305
64307
64308
64309
64310
64311
64312
64313
64314
64315
64316
64317
64318
65245
3.3.5.12340
67600
68166
69385
71015
71101
71102
4.0.1.12911
85785
86004
86005
86008
86654
89244
89815
4.3.4.15595
86375
86401
86402
86403
86609
86615
86616
86640
86641
86642
86643
86644
86645
86646
86647
86648
86649
86650
86652
86653
89367
89368
89369
89370
89371
89372
89373
92026
92027
92579
94000
94401
94402
94403
94404
94405
94406
94711
95215
95710
95825
96284
98398
99547
99548
99549
101057
107907
5.0.3.15890
57037
58309
110417
110955
111645
111646
111830
111908
111909
111910
111917
111918
111919
111920
111921
112045
112264
112265
112266
112429
112430
112437
112440
112442
112444
112450
112451
112452
112454
112457
112458
112460
112461
112462
112463
112464
112465
112466
112468
112469
112883
112996
119481
122015
122030
123781
124442
124443
124444
124445
124446
124447
124448
124449
124450
124451
124452
124453
124454
124455
124456
124457
124459
124460
124461
124463
124466
126153
126687
126696
126701
126704
126800
126801
126988
126989
126994
126995
126996
126997
127007
127009
127016
127017
127018
127019
127020
127021
127023
127024
127378
127391
127475
127481
127625
128922
130407
131152
6.0.1.18179
132167
135535
135561
146638
148255
148257
148259
148260
148261
148266
148268
148269
148270
148271
148272
148273
148274
148275
148276
148278
148279
148280
148281
148282
148283
148284
148285
148286
148287
148288
148289
148290
148291
148292
148487
148488
148489
148490
158748
7.3.0.24473
163294
165304
165456
165460
165461
165463
165464
165465
165466
165467
165564
165804
166356
166359
166363
166366
166432
166669
167950
169081
175389
175390
175392
176513
177045
178240
178248
178497
178550
182125
182158
186239
187494
187495
187518
187519
190381
190382
190383
190384
190385
190386
191659
192802
192804
192808
192809
192810
192811
192812
192813
192814
192815
192816
192817
192818
192819
192820
192821
192822
192823
192824
192838
192839
192840
192841
192842
192843
192844
192845
192846
192848
192849
192850
192851
192852
192854
192855
192856
192859
192860
192861
192862
192863
192864
192865
192866
192867
192868
192869
192870
192871
192872
192873
192874
192875
192876
192890
192891
192892
192893
192894
192895
192896
192897
192898
192899
192900
192901
192902
192903
192904
192905
192906
192907
195115
209510
209511
209658
209659
209660
209661
209662
209664
210116
210653
210654
210656
222408
223940
223941
225522
225523
225524
225525
225526
225527
225528
225529
225530
225531
225532
225533
225534
225535
225536
225537
225538
225539
225540
225541
225542
225543
225545
225546
225547
225548
225549
225550
225551
225552
225553
225554
225555
225556
225557
225558
225559
225560
226248
227043
227239
227240
227561
227562
228381
229177
229178
229179
229180
229181
229182
229183
229184
229185
232274
232275
233278
238338
238339
238340
238341
238343
238347
238350
238352
238353
238354
238356
238358
238359
238360
238361
238362
238363
238365
238369
238372
238374
238375
238376
238378
238380
238381
238382
238383
238384
238385
238387
238391
238394
238396
238397
238398
238400
238402
238403
238577
238578
238579
240254
240272
246984
246999
247861
7.3.0.24500
247614
247615
247616
7.3.0.24727
254227
254231
254238
7.3.2.25079
246982
8.0.1.25902
256217
256218
256219
256220
256221
256223
256232
256233
256234
256235
256236
256237
256238
256241
256245
256246
256247
256248
256249
256250
256251
256252
256275
256276
256277
256278
256279
256280
256281
256282
256283
256284
256285
256286
256287
256288
256289
256290
256291
256293
256294
256295
256296
256297
256298
256299
256303
256304
256305
256308
264494
264496
264498
264500
264502
264504
264506
264508
8.0.1.25976
264766
264767
264769
264776
264777
264778
265809
8.0.1.26175
269065
8.0.1.26231
269740
269741
269742
269744
269745
269746
8.0.1.26522
276059
276088
276121
8.0.1.26624
278422
278527
8.1.0.27826
282803
282804
282805
284292
284293
284294
284295
284296
284297
285639
285640
285641
8.1.0.27985
286649
8.1.0.28048
287271
8.1.0.28294
289313
289356
8.1.5.28938
256301
259665
292012
292320
292322
8.1.5.29141
293801
8.1.5.29418
285925
285926
285927
8.2.0.30080
294790
294791
294792
298625
298647
298648
298927
298929
299665
299666
299667
299668
299669
299670
299671
299672
299673
8.2.0.30168
301999
302001
8.2.0.30262
302187
302188
302189
302190
8.2.0.30329
302697
302698
302700
302701
302703
302704
8.2.0.30495
304030
304033
304036
8.2.5.31337
304042
8.2.5.31401
309443
8.3.0.32044
305952
305953
305954
8.3.0.32151
306481
306482
306483
9.0.1.33978
309805
311405
311406
311407
311408
311413
311414
311415
311416
311417
311418
311423
311424
311425
311441
311453
311687
311688
311689
311690
321029
324035
324036
324037
324039
324195
324196
324197
324198
9.0.1.34081
311409
311410
311411
311412
9.0.1.34714
334537
9.0.1.35167
338225
338226
338227
338228
338229
338230
338231
338232
338233
338234
338235
338236
9.0.1.35679
343686
343687
343688
343689
343691
9.0.1.35755
344335
344340
344341
9.1.0.38549
354000
354394
9.1.5.39977
360539
360542
360545
360880
360882
360885
360899
9.1.5.40290
362412
9.2.0.41089
359490
359786
359890
9.2.0.41827
367389
367393
10.0.0.44649
366251
371340
371341
371375
371376
377985
381545
382583
382981
382982
382984
382986
382987
382988
382989
382990
382991
382994
10.0.0.44707
383512
383515
383516
383517
383519
383520
383522
383523
383524
383525
383527
383529
383530
383531
383533
383534
383535
383536
383538
383539
383540
383542
383543
383544
383545
383546
383547
383548
383549
383550
383554
383555
383556
383560
383561
383562
383563
383565
383567
383569
383570
383571
383572
383573
383574
383575
383576
383578
383579
383580
383581
383582
383583
383584
383585
383586
383587
383588
383590
383591
383592
383593
383759
383786
383787
383788
383790
383791
383844
10.0.0.44795
383551
383552
383577
384869
384948
384949
385197
383325
383541
383767
383770
383772
10.0.0.45141
388274
388280
388281
388282
388458
10.0.0.45232
389193
10.0.0.45335
390847
390848
390849
390850
390851
390852
390853
10.0.0.45454
391781
391783
391832
391834
391836
391845
391846
391848
10.0.0.45661
392944
10.0.2.47067
400026
400027
400028
10.0.5.47871
397866
397867
