0.5.5.3494
8613
8617
8618
0.7.0.3694
10768
2.0.0.6080
32678
3.0.1.8303
47429
3.0.1.8622
50305
53125
53662
53663
53664
53665
53666
4.0.1.12911
74495
74522
5.0.3.15890
102216
102219
110955
6.0.1.18179
158756
7.3.0.24473
194161
194162
194163
194164
194165
194166
194167
194168
194169
194170
194171
194173
194174
194203
195125
205243
247842
247843
247844
8.0.1.25976
257146
257147
257148
257149
257150
257151
257152
257153
257154
265855
265857
265859
265861
265863
265865
265867
265869
265871
8.2.0.30168
302007
302010
302011
302014
302015
302016
9.0.1.33978
308569
10.0.0.44649
366259
375731
375763
375773
375782
375786
375787
376611
376612
376613
376614
377988
382587
383090
383094
383128
383132
10.0.0.44795
385972
385982
385984
385985
10.0.0.45454
392440
392445
10.0.2.45969
395282
10.0.2.46091
395700
395706
