9.0.1.33978
291524
291598
291600
291601
291788
291789
291869
291987
293394
294193
294360
294420
295288
295290
295362
296386
296595
298134
298136
298137
298138
298140
298141
299186
299411
299864
299952
300122
300265
300266
300267
300268
300269
300270
300271
300272
300273
300274
300275
300277
300278
300279
300280
300281
300282
300283
300284
300285
300286
300287
300288
300289
300290
300291
300465
303000
317398
317427
317708
317751
317756
317761
317797
317798
317799
317800
317801
317802
317825
317841
317843
317850
317852
317900
317902
319235
325848
9.0.1.34821
335278
335279
335284
335286
335287
