0.5.3.3368
2385
2386
2387
2389
2392
2393
2394
2395
2396
2397
2399
2401
2402
2403
2406
2963
2964
3755
3757
3758
3813
3839
3840
3841
3842
3843
3844
3845
3847
3848
3849
3850
3851
3852
3854
3855
3856
3857
3858
3859
3860
3861
3862
3863
3864
3865
3866
3868
3869
3870
3871
3872
3873
3908
3909
3910
3914
3915
6521
6686
6688
6690
6692
6693
6695
7623
7624
7629
7630
7633
7636
7639
7643
7892
7893
0.5.5.3494
8465
8467
8468
8483
8489
0.6.0.3592
8758
8760
8762
8764
8766
8770
8772
8774
8776
8778
8780
8782
8784
8786
8789
8791
8793
8795
8797
8799
8802
8804
0.8.0.3734
12044
12045
12046
12047
12048
12049
12050
12052
12053
12055
12056
12059
12060
12061
12062
12063
12064
12065
12066
12067
12068
12069
12070
12071
12072
12073
12074
12075
12076
12077
12078
12079
12080
12081
12082
12083
12084
12085
12086
12087
12088
12089
12090
12091
12092
12093
12180
1.0.0.3980
18401
18402
18403
18404
18405
18406
18407
18408
18409
18410
18411
18412
18413
18414
18415
18416
18417
18418
18419
18420
18421
18422
18423
18424
18434
18436
18437
18438
18439
18440
18441
18442
18444
18445
18446
18447
18448
18449
18450
18451
18452
18453
18454
18455
18456
18457
18458
18560
1.1.2.4125
19435
20848
20849
1.13.0.28211
21945
22759
22813
22866
22867
22868
22869
22870
22902
23662
23663
23664
23665
23666
23667
24091
24092
24093
24901
24902
24903
26085
26086
26087
26403
26407
27658
27659
27660
27724
27725
28205
28207
28208
28209
28210
28480
28481
28482
2.0.0.6080
26745
26746
26747
26749
26750
26751
26752
26753
26754
26755
26756
26757
26758
26759
26760
26761
26762
26763
26764
26765
26770
26771
26772
26773
26774
26775
26776
26777
26778
26779
26780
26781
26782
26783
26784
26790
26797
26798
26801
31373
31430
31431
31432
31433
31434
31435
31437
31438
31440
31441
31442
31443
31444
31448
31449
31450
31451
31452
31453
31454
31455
31456
31459
31460
31461
2.4.3.8606
36315
36316
36317
36318
36665
36667
36668
36669
36670
36672
36686
37873
37882
37883
37884
40020
40021
40023
40024
40060
41205
41206
41207
41208
44950
44958
46128
46129
46130
46131
49677
50194
50644
50647
3.0.1.8622
51309
3.0.1.8874
55642
55769
55777
55898
55899
55900
55901
55902
55903
55904
55906
55907
55908
55910
55911
55913
55914
55919
55920
55921
55922
55923
55924
55925
55941
55943
55993
55994
55995
55996
55997
55998
55999
56000
56001
56002
56003
56004
56005
56006
56007
56008
56009
56010
56011
56014
56015
56016
56017
56018
56019
56020
56021
56022
56023
56024
56025
56026
56027
56028
56029
56030
56031
56034
56039
56048
3.1.0.9767
59390
59582
59583
59584
59585
59586
59587
59588
59589
60969
60971
60990
60993
60994
63203
63204
63205
63206
63742
63924
64729
64730
3.3.5.12340
67064
67065
67066
67079
67144
67145
67146
67147
70550
70551
70552
70553
75597
4.0.1.12911
74964
75141
75142
75143
75144
75145
75146
75154
75155
75156
75172
75175
75178
75183
75247
75248
75249
75250
75251
75252
75253
75254
75255
75256
75257
75258
75259
75260
75261
75262
75263
75264
75265
75266
75267
75268
75269
75270
75287
75288
75289
75290
75291
75292
75293
75294
75295
75296
75297
75298
75299
75300
75301
75302
75303
75304
75305
75306
75307
75308
75309
75310
4.3.4.15595
94743
99448
99449
99459
99460
99537
100585
101920
101921
101922
101923
102171
5.0.3.15890
104115
110426
110955
125481
125482
125483
125496
125497
125523
125524
125525
125526
125527
125528
125529
125530
125531
125532
125533
125534
125535
125536
125537
125538
125539
125540
125541
125542
125543
125544
125545
125546
125547
125548
125549
125550
125551
125552
125553
125554
125555
125556
125557
125558
125559
125560
125561
130325
6.0.1.18179
134585
137907
137908
137909
137910
137911
137912
137913
137914
137915
137916
137917
137918
137919
137920
137921
137922
137923
137924
137925
137926
137927
137928
137929
137930
137931
137932
137933
137934
137935
137936
137937
137938
137939
137940
137941
137942
138597
138598
138599
138600
142951
142955
142960
142964
143011
143053
143054
143055
143056
143057
143058
143059
143060
143061
143062
143063
143064
143065
143066
143067
143068
143069
143070
143071
143072
143073
143074
143075
143076
143077
143078
143079
143080
143081
143082
143083
143084
143085
143086
143087
143088
146925
158758
7.3.0.24473
168835
168836
168837
168838
168839
168840
168841
168842
168843
168844
168845
168846
168847
168848
168849
168850
168851
168852
168853
168854
168855
169669
173415
176058
176313
176314
176315
176316
182123
185918
185919
185920
185921
185922
185923
185924
185925
185926
185927
185928
185929
185930
185931
185932
185933
185934
185935
185936
185937
185938
185939
185940
185941
185942
185943
185944
185945
185946
185947
185948
185949
185950
185951
185952
185953
185954
185955
185956
185957
185958
185959
185960
185961
185962
186091
186094
186097
186100
186106
186107
186108
186109
186110
186111
186112
186113
186114
186115
186116
186117
186388
186738
186763
186764
186799
186801
186803
187058
187059
187060
187064
187065
187066
187492
187516
195126
208350
208351
208352
208353
213035
213036
213037
220511
229041
229043
229045
239412
247807
247808
247809
8.0.1.25902
257095
257096
257097
257099
257101
257102
257103
257104
257105
257106
257107
257108
257109
257110
257111
257112
257113
257114
257115
257116
257118
257120
257121
257122
257123
257124
257125
257126
257127
257128
257129
257130
257131
257132
257133
257134
257135
257136
257137
257138
257139
257141
264616
264618
264620
264622
264624
264626
264628
264630
8.0.1.25976
265815
8.0.1.26032
3275
3276
3277
3278
7928
7929
10840
10841
18629
18630
27032
27033
45545
45546
74556
74557
74558
88893
102697
102698
172539
202853
202854
230047
267201
267202
8.0.1.26175
268982
268983
269596
269597
269598
269599
269600
269601
269602
269603
269604
269605
269606
269607
269608
269609
269610
269611
269612
269613
8.0.1.26367
272440
8.0.1.26624
278414
279182
279183
279184
8.1.0.27826
282164
282165
282166
282168
282169
282170
282175
282176
282177
282191
282192
282193
282194
282195
282196
282204
282275
282276
8.1.0.27985
285077
285078
285085
285086
285093
285094
286654
8.1.0.28048
287274
8.1.5.29141
292946
8.2.0.30080
294829
294830
294831
294832
294833
294834
294835
294836
294837
294838
294839
294840
294841
294842
294843
294844
294845
294846
299031
299032
299033
299034
299035
299036
8.2.0.30168
301403
301409
8.3.0.32044
304559
304560
304561
304562
304563
304564
304565
304566
304567
304568
304569
304570
304571
304572
304573
304574
304575
304576
304577
304578
304579
304580
304581
304582
307175
9.0.1.33978
310869
310870
310871
310872
310873
310874
310875
310876
310877
310878
310879
310880
310881
310882
310883
310884
310885
310886
310887
310888
310889
310890
310891
310892
310893
310894
310895
310896
310897
310898
310899
310900
310901
310902
310903
310904
310905
310906
310907
310908
310909
310910
310911
310912
310913
310914
310915
310916
310917
310918
310919
310920
310921
310922
310923
310924
310933
310934
310935
310936
310937
310938
310939
310940
310949
9.0.1.34199
330222
330223
330224
330225
330226
330227
330228
330229
330230
330231
330232
330233
330234
330235
330236
330237
330238
330239
330240
330241
330242
330243
330244
330245
330246
330247
330248
330249
330250
330251
330252
330253
330254
330255
330256
330257
330258
330259
330260
330261
9.0.1.34490
332030
332031
332032
332033
332034
332035
332036
332037
332038
332065
332066
332067
332068
332069
332070
332071
332072
332073
9.0.1.34714
334499
9.0.1.35167
338267
338269
338270
338271
338272
338273
338275
338276
338277
338278
338279
338280
9.0.1.35256
338995
338996
338997
338998
339000
339001
339002
339003
339004
9.0.1.35598
343200
343201
343202
343204
9.0.1.35679
343634
343659
9.0.2.36086
345985
345986
9.1.0.38312
352445
9.1.0.38511
355183
9.2.0.41089
359661
359670
359703
10.0.0.44649
366258
376492
376493
376494
376495
376496
376497
376498
376499
376500
376501
376502
376503
376504
376505
376506
376507
376508
376509
376510
376511
376512
376513
376514
376515
376516
376517
376518
376519
376520
376521
376522
376523
376524
376525
376526
376527
376528
376529
376530
376531
376532
376533
376534
376535
376536
376537
376538
376539
376540
376541
376542
376543
376544
376545
376546
376547
376548
376549
376550
376551
376552
376553
376554
376555
376556
376557
376558
376559
376560
376561
376562
376563
376564
376565
376566
376567
376568
376569
376570
376571
376697
376699
377986
382588
10.0.0.45232
389196
10.0.0.45454
392396
10.0.2.46091
395807
395809
395813
395814
395815
