9.0.1.34365
803
1894
1898
1899
2673
2674
3225
3273
3869
4066
4067
4074
4084
4097
4098
4099
4441
4442
4443
4444
4445
4446
5330
5331
5334
5335
5336
5360
5364
5384
5387
5388
5389
5390
5391
5392
5393
5394
5396
5397
5448
5861
5862
5863
5864
5865
5866
5867
5868
5869
5871
5872
5873
5874
5875
5876
5877
5924
6096
6158
6162
6174
6185
9.0.1.34972
6256
6257
9.0.1.35256
6258
6259
6261
6262
9.0.1.35432
6263
6264
9.0.1.35755
6266
9.1.0.38950
6344
9.2.0.41089
6351
9.2.5.42850
6378
10.0.0.45232
6672
10.0.0.45454
6675
6676
6677
6678
10.0.7.47910
6786
10.1.0.48661
6836
