7.3.0.24473
1973
13379
17712
17716
18660
18984
18986
21540
23767
30542
30544
30690
32542
32566
32782
33079
33219
33223
33927
34480
34499
34686
35227
35275
36862
36863
37254
37460
37710
38301
38578
40727
40768
40895
43499
43824
44430
44606
44719
44820
45011
45013
45014
45015
45016
45017
45018
45019
45020
45021
45057
45063
45984
46709
46780
46843
48933
49703
49704
50471
52201
52253
53057
54212
54343
54437
54438
54452
54651
54653
60854
63141
63269
64358
64361
64373
64383
64456
64481
64482
64488
64646
64651
64881
64997
66888
67097
68806
69215
69227
69775
69776
69777
69895
69896
70159
70161
70722
71137
71259
71628
72159
72161
72220
72221
72222
72223
72224
72225
72226
72227
72228
72229
72230
72231
72232
72233
75042
79769
80822
82467
85500
85973
86565
86568
86571
86573
86575
86578
86581
86582
86583
86584
86586
86588
86589
86590
86593
86594
86596
87214
87215
87528
88370
88375
88377
88381
88385
88387
88417
88531
88566
88579
88580
88584
88587
88589
88801
88802
89139
89205
89222
89614
89869
89999
90000
90067
90175
90427
90883
90888
90899
91904
92738
93672
95567
95568
95589
95590
97919
97921
97942
97994
98132
98136
98552
101571
102467
103685
104262
104294
104302
104309
104318
104323
104324
104329
104331
105898
108631
108632
108633
108634
108635
108735
108739
108743
108745
109167
109183
109739
110586
111476
111821
112059
112324
113096
113375
113540
113542
113543
113570
113631
113670
114227
115468
115472
115503
115506
116067
116113
116115
116120
116122
116125
116139
116400
116435
116440
116456
116651
116689
116690
116691
116692
116757
116758
116763
116856
116888
116889
116890
116891
117550
117569
117573
118191
118221
118222
118224
118244
118427
118716
118935
118937
118938
119001
119003
119039
119083
119092
119093
119134
119144
119145
119160
119163
119178
119180
119182
119210
119211
119212
119215
119217
119218
119219
119220
119221
119421
119432
120276
120857
122117
122119
122120
122121
122122
122123
122126
122129
122283
122293
122298
122304
122674
122681
122700
123851
126931
127394
127652
127655
127659
127666
127668
127669
127670
127695
127696
127707
127709
127766
127859
127864
128223
128310
128328
128462
128471
128536
128636
128776
128794
128807
129045
129055
129057
129093
129111
129113
129149
129165
129211
129279
129926
129929
129938
129952
129956
129958
129960
129961
129965
130102
130147
130151
130157
130158
130169
130170
130171
130191
130194
130199
130209
130214
130232
130249
130251
130254
131724
131811
131812
131814
131900
131933
132518
133511
133542
133997
133998
134004
134007
134019
134020
134021
134022
134023
134024
134026
134031
134032
134034
134831
136846
136849
136855
136927
136928
136934
136935
136937
137294
137663
138202
138415
138490
138873
138876
138878
138900
139337
139587
139773
140160
140231
140309
140314
140324
140325
140336
140363
140632
140779
140780
140786
141296
141297
141298
141299
141300
141301
141306
141331
141649
141862
141879
142265
142341
142360
142452
142494
142495
142496
142497
142528
142529
142530
142531
142532
142536
142542
143534
143543
143544
143545
143660
143662
143727
143827
143828
143829
144072
144339
144393
147307
147308
147309
147310
147311
147312
147537
147708
147832
147838
147843
147867
150547
150743
150744
150745
150746
151016
151184
151265
151270
151271
151343
151344
151877
152556
152574
7.3.0.24608
151348
151349
7.3.0.24651
129367
152982
7.3.0.24727
151652
153004
153039
153124
153126
153179
153180
153181
153182
153183
153193
153194
153204
153253
153293
7.3.5.25928
156833
8.0.1.25902
156649
156871
158149
8.0.1.26433
160740
160751
8.0.1.26522
161342
8.0.1.26567
159749
162539
8.0.1.26624
159753
162642
162643
162973
163045
163200
163201
163206
163210
163211
163213
163565
163566
8.0.1.26707
163603
163607
163697
163704
163705
163713
163735
163736
163738
163740
163741
163742
163744
163745
163750
163775
163795
8.0.1.26734
163828
163829
163924
8.0.1.26788
160509
163017
163073
8.0.1.26871
163463
164371
164372
164373
164374
164375
164377
8.0.1.27219
164310
8.1.0.27934
164983
165021
165671
165672
165673
165674
165675
165676
8.1.0.27985
165791
8.1.0.28048
166247
166308
8.1.0.28202
166461
166544
166662
166663
166678
166701
166702
166703
166704
8.1.0.28294
166743
166744
8.1.0.28366
165669
165670
166784
166785
166787
166788
166790
8.1.0.28616
163986
163987
166808
166851
166877
166879
166880
8.1.5.28938
165802
166746
166747
8.1.5.29281
168012
168014
8.1.5.29352
168123
8.2.0.30080
115501
115505
116396
166777
166778
166779
166782
167931
168016
168807
168808
168824
168836
168907
169275
169276
169277
169278
169297
169298
8.2.0.30168
169347
8.2.0.30262
169768
169796
8.2.0.30329
169865
8.2.0.30430
170154
170155
8.2.0.30495
168667
170187
170196
170198
170199
170203
170204
170380
170476
8.2.0.30613
170469
8.2.0.30669
169108
8.2.5.31337
172219
172222
172223
8.3.0.32044
173727
173951
8.3.0.32414
174830
8.3.0.32489
169303
172179
174871
174873
174874
174920
174921
174924
174926
174928
8.3.0.32593
174995
8.3.0.32805
175063
175140
9.0.1.33978
173984
174286
174445
177951
178530
9.0.1.34199
172924
9.0.1.35167
181794
9.0.1.35256
181825
9.0.1.35360
182655
182729
182732
182773
9.0.1.35522
182694
182695
182696
9.0.1.35598
183847
183856
9.0.1.35679
177665
179393
180873
180947
180993
182780
182890
183876
183900
9.0.1.35755
183903
183989
9.0.2.35854
183986
184075
184218
184223
9.0.2.35938
183716
184292
184312
9.0.2.35978
180290
184318
184353
9.0.2.36086
183988
184449
9.0.2.36165
184447
184476
184508
9.0.2.36512
183810
184396
184495
9.0.2.36751
184404
184410
184413
184415
184418
184435
184487
184489
184490
9.1.0.38312
186501
9.1.0.38394
186686
186702
186973
9.1.0.38511
186985
9.1.0.38709
186974
187075
9.1.0.38783
187051
187113
187139
187140
187154
187155
187159
187174
187176
187184
187185
187339
187344
187416
187417
187420
9.1.0.38872
183901
9.1.5.39977
187419
187422
187512
187591
187705
187834
187840
187861
187869
187875
187895
187896
187897
187898
187899
187900
187913
187957
187958
187959
9.1.5.40496
188680
188694
188695
188698
188699
188701
9.2.0.41089
187793
187860
188952
9.2.0.41462
190177
190196
190237
190238
9.2.0.41726
190333
9.2.0.41827
190457
9.2.0.41962
190734
190754
190853
190926
9.2.0.42698
187689
9.2.5.43254
191925
191937
192099
9.2.5.43412
192485
9.2.5.43810
193588
10.0.0.44649
192495
193032
193033
193476
193478
197719
197961
197986
198039
198090
198402
198409
198428
10.0.0.44707
194052
198227
198474
198537
198646
10.0.0.44795
194060
198206
198264
198827
10.0.0.44895
194056
198156
198857
199111
10.0.0.44999
194057
194058
194059
199554
10.0.0.45141
199337
199926
10.0.0.45232
191891
200142
200148
200160
200178
200198
200249
200469
200550
200551
10.0.0.45335
200116
200597
200628
200630
200631
200636
200640
10.0.0.45454
200857
200869
200878
10.0.0.45570
200960
200999
10.0.0.45661
192443
198720
198721
198722
198728
198729
199649
199650
199767
199768
199769
199770
199771
199892
199894
199896
199897
199899
199902
201435
10.0.2.45779
194885
10.0.2.45969
201815
10.0.2.46091
201927
201933
10.0.2.46259
200926
202019
202021
202022
202042
10.0.2.46801
202711
10.0.2.46879
198173
10.0.2.46924
199830
200707
10.0.5.47871
202020
202207
202309
203716
10.0.7.47910
199900
202253
202283
202360
203725
203734
203757
204170
204220
204256
204257
204262
10.0.7.47983
203852
10.0.7.48076
201930
204675
10.0.7.48220
204687
10.1.0.48480
204389
204818
205045
10.1.0.48537
205255
10.1.0.48661
205027
205034
205418
205419
205463
10.1.0.48776
205688
205796
205904
10.1.0.48898
205963
206038
206043
